lpips: 0.04337500408291817
mse: 0.0014875115593895316
psnr: 28.338737357100786
ssim: 0.9454050660133362
