lpips: 0.06196094676852226
mse: 0.004365319386124611
psnr: 23.92960956187403
ssim: 0.9179633259773254
