iterations_per_sec: 15.99673715778678
train/distortion_loss: 0.023694501531244527
train/grad_norm: 0.03577894230156836
train/interlevel_loss: 0.0008440180834514474
train/iterations_per_sec: 15.99673715778678
train/l12_reg: 2.449820482369625
train/loss: 0.002435721245340326
train/mse: 0.001568008638739661
train/psnr: 28.071398012565844
train/tv_reg_l1: 1.813850051224834
train/tv_reg_l2: 2.4512967678031536
