iterations_per_sec: 40.97661843762813
train/distortion_loss: 0.5511073590529085
train/grad_norm: 0.09348098579982314
train/interlevel_loss: 0.0024232872846451673
train/iterations_per_sec: 40.97661843762813
train/l12_reg: 1.5213884368087307
train/loss: 0.014333290029128995
train/mse: 0.011105239033849553
train/psnr: 19.547470401031802
train/tv_reg_l1: 0.13041919590246798
train/tv_reg_l2: 0.025365635639790333
