iterations_per_sec: 38.707588228727964
train/distortion_loss: 0.7360783791301226
train/grad_norm: 0.12085267811110526
train/interlevel_loss: 0.001919808658780624
train/iterations_per_sec: 38.707588228727964
train/l12_reg: 1.586691074901157
train/loss: 0.021861910989338703
train/mse: 0.018840379693140886
train/psnr: 17.250625841545336
train/tv_reg_l1: 0.16196241809262168
train/tv_reg_l2: 0.03656443088042616
