lpips: 0.14599773287773132
mse: 0.0030291371513158083
psnr: 25.19800582573266
ssim: 0.9145967364311218
