iterations_per_sec: 47.892968712425386
train/distortion_loss: 0.005686849985986647
train/grad_norm: 0.08422762471618074
train/interlevel_loss: 0.0008195225540971892
train/iterations_per_sec: 47.892968712425386
train/l12_reg: 0.5789752120923515
train/loss: 0.0038736281573132736
train/mse: 0.002879195035237706
train/psnr: 25.428331066863706
train/tv_reg_l1: 0.08852515196559405
train/tv_reg_l2: 0.016922371236212326
