lpips: 0.08449201285839081
mse: 0.0010841412004083395
psnr: 29.77628030376427
ssim: 0.8804080486297607
