lpips: 0.09314363449811935
mse: 0.0008622522582300007
psnr: 30.67965451081554
ssim: 0.875698983669281
