iterations_per_sec: 64.76565278762081
train/distortion_loss: 0.009129544414316465
train/grad_norm: 0.0008739450290291147
train/interlevel_loss: 0.0003510680540013268
train/iterations_per_sec: 64.76565278762081
train/l12_reg: 0.5325353561025677
train/loss: 0.0019809992918086174
train/mse: 0.0008722827428801343
train/psnr: 30.61762975442289
train/tv_reg_l1: 0.07227885301667031
train/tv_reg_l2: 0.02159835904309846
