lpips: 0.13808728754520416
mse: 0.005278280936181545
psnr: 22.826252271114303
ssim: 0.873091459274292
