iterations_per_sec: 51.69374935781108
train/distortion_loss: 0.010119637662563661
train/grad_norm: 0.03519522569923088
train/interlevel_loss: 0.0004441952603314109
train/iterations_per_sec: 51.69374935781108
train/l12_reg: 0.7276207274860806
train/loss: 0.00511520171086445
train/mse: 0.004501493948728147
train/psnr: 23.477941513061523
train/tv_reg_l1: 0.09070647681000257
train/tv_reg_l2: 0.015939289591077602
