iterations_per_sec: 38.16435890551136
train/distortion_loss: 0.04650733732815945
train/grad_norm: 0.017444712664894384
train/interlevel_loss: 0.00039460469475909694
train/iterations_per_sec: 38.16435890551136
train/l12_reg: 0.7166963761503046
train/loss: 0.02838168152128205
train/mse: 0.02786880155855959
train/psnr: 15.549817133431484
train/tv_reg_l1: 0.03820966778680532
train/tv_reg_l2: 0.007176793904768096
