lpips: 0.022498542442917824
mse: 0.0006625496316701174
psnr: 32.003011852260535
ssim: 0.9598050713539124
