lpips: 0.039653681218624115
mse: 0.0022267538588494062
psnr: 26.935645445122272
ssim: 0.9262992143630981
