iterations_per_sec: 16.461384746244946
train/distortion_loss: 0.01644712695005265
train/grad_norm: 0.03135776474620357
train/interlevel_loss: 0.0004931149261679049
train/iterations_per_sec: 16.461384746244946
train/l12_reg: 2.3794345735299465
train/loss: 0.0011956314532782393
train/mse: 0.0006860693971946309
train/psnr: 31.66336897647742
train/tv_reg_l1: 1.8496269264606515
train/tv_reg_l2: 2.4302815813006777
