lpips: 0.015705958008766174
mse: 0.0004929613787680864
psnr: 33.526755021663526
ssim: 0.9687663316726685
