lpips: 0.010850349441170692
mse: 0.0002597358834464103
psnr: 35.96556843447583
ssim: 0.9757758975028992
