iterations_per_sec: 16.162290708427026
train/distortion_loss: 0.0036450406216611765
train/grad_norm: 0.013301912497616175
train/interlevel_loss: 0.0007467165617554476
train/iterations_per_sec: 16.162290708427026
train/l12_reg: 2.420329192672113
train/loss: 0.0010307038683829962
train/mse: 0.000280342267054801
train/psnr: 35.58885000209616
train/tv_reg_l1: 1.4558265401859476
train/tv_reg_l2: 2.022813245503589
