lpips: 0.1320759654045105
mse: 0.005393096245825291
psnr: 22.742470253409092
ssim: 0.8742468953132629
