iterations_per_sec: 48.30909728050627
train/distortion_loss: 0.01194857389223997
train/grad_norm: 0.03411461030970318
train/interlevel_loss: 0.00042171567746654453
train/iterations_per_sec: 48.30909728050627
train/l12_reg: 0.7154939072300689
train/loss: 0.00519350694134982
train/mse: 0.004599983648707469
train/psnr: 23.381261401706272
train/tv_reg_l1: 0.09299524692874966
train/tv_reg_l2: 0.015985902003718144
