lpips: 0.00932405423372984
mse: 0.00029845713288523257
psnr: 35.566374165925495
ssim: 0.9831437468528748
