lpips: 0.011949403211474419
mse: 0.0003768141323234886
psnr: 34.45756054792781
ssim: 0.9797095656394958
