iterations_per_sec: 16.75676805831986
train/distortion_loss: 0.0010317240370145877
train/grad_norm: 0.013672715880804591
train/interlevel_loss: 0.00014016266335730883
train/iterations_per_sec: 16.75676805831986
train/l12_reg: 2.3344403710028137
train/loss: 0.00045316455670575977
train/mse: 0.00031197016865880503
train/psnr: 35.09513377180003
train/tv_reg_l1: 1.256829944523898
train/tv_reg_l2: 1.4898737584701691
