lpips: 0.127768412232399
mse: 0.00272125075571239
psnr: 25.67032835861306
ssim: 0.9218997359275818
