iterations_per_sec: 50.353769267292805
train/distortion_loss: 0.0032736984424932736
train/grad_norm: 0.07182410225798988
train/interlevel_loss: 0.00034869529837225046
train/iterations_per_sec: 50.353769267292805
train/l12_reg: 0.9067891794021683
train/loss: 0.0031869091808494894
train/mse: 0.0026594962045136425
train/psnr: 25.784796743681937
train/tv_reg_l1: 0.09262322988172975
train/tv_reg_l2: 0.017544400473736753
