lpips: 0.010092847049236298
mse: 0.00048106146277859807
psnr: 33.36456631111898
ssim: 0.9831134080886841
