lpips: 0.008214508183300495
mse: 0.0003443019522819668
psnr: 34.845689797192684
ssim: 0.9859115481376648
