iterations_per_sec: 17.031964072219697
train/distortion_loss: 0.0035893371507450186
train/grad_norm: 0.02982419551434842
train/interlevel_loss: 9.176487792777179e-05
train/iterations_per_sec: 17.031964072219697
train/l12_reg: 2.0330370146818835
train/loss: 0.00046373793127419744
train/mse: 0.0003683837189461396
train/psnr: 34.384825619784266
train/tv_reg_l1: 1.3753939626192806
train/tv_reg_l2: 1.4933471029455012
