lpips: 0.010485479608178139
mse: 0.00025145916151814163
psnr: 36.10086173783234
ssim: 0.9766051769256592
