lpips: 0.014834830537438393
mse: 0.00045830931048840284
psnr: 33.819805357787885
ssim: 0.9701505899429321
