iterations_per_sec: 41.48154928776412
train/distortion_loss: 0.0034956542535148787
train/grad_norm: 0.01680981457666165
train/interlevel_loss: 0.0005571739648167758
train/iterations_per_sec: 41.48154928776412
train/l12_reg: 0.546137430451133
train/loss: 0.0016517835855013644
train/mse: 0.00027070010349629543
train/psnr: 35.74325403541025
train/tv_reg_l1: 0.08996258713681289
train/tv_reg_l2: 0.02742764280375206
