iterations_per_sec: 19.141070861299927
train/distortion_loss: 0.09726270100083013
train/grad_norm: 0.32041674159994027
train/interlevel_loss: 0.001744336823725866
train/iterations_per_sec: 19.141070861299927
train/l12_reg: 0.5360198111245127
train/loss: 0.005886241229194583
train/mse: 0.0031349010756145223
train/psnr: 25.046751407661823
train/tv_reg_l1: 0.10573903614222402
train/tv_reg_l2: 0.037372073026919604
