lpips: 0.01069358829408884
mse: 0.0002508411416783929
psnr: 36.115542892285305
ssim: 0.9767906665802002
