lpips: 0.015208728611469269
mse: 0.00046081162872724235
psnr: 33.76542233458292
ssim: 0.9701541066169739
