iterations_per_sec: 35.5933361198597
train/distortion_loss: 0.0035119155078486663
train/grad_norm: 0.017890891229564495
train/interlevel_loss: 0.000562741169517841
train/iterations_per_sec: 35.5933361198597
train/l12_reg: 0.5266949696974321
train/loss: 0.0016215936577116902
train/mse: 0.0002724751148071855
train/psnr: 35.71146369702888
train/tv_reg_l1: 0.08028452474661547
train/tv_reg_l2: 0.025617045472667674
