iterations_per_sec: 27.63527284593206
train/distortion_loss: 0.052296353108955154
train/grad_norm: 0.10915397182859556
train/interlevel_loss: 0.0004468111299575692
train/iterations_per_sec: 27.63527284593206
train/l12_reg: 0.44351963232261965
train/loss: 0.0020271826210911527
train/mse: 0.0008872967599091506
train/psnr: 30.52493492280594
train/tv_reg_l1: 0.06880291641661615
train/tv_reg_l2: 0.01972587209082011
