iterations_per_sec: 44.82287331373034
train/distortion_loss: 0.07887976180122357
train/grad_norm: 0.16662917534510294
train/interlevel_loss: 0.004573668061633303
train/iterations_per_sec: 44.82287331373034
train/l12_reg: 0.6388754254639751
train/loss: 0.00840156784074174
train/mse: 0.0026482110443252203
train/psnr: 25.77963559314458
train/tv_reg_l1: 0.12981704720343
train/tv_reg_l2: 0.04619335469723952
