lpips: 0.07714046537876129
mse: 0.001049861777573824
psnr: 29.969848792750657
ssim: 0.8842015266418457
