lpips: 0.08245799690485
mse: 0.0007771883392706513
psnr: 31.12699951754647
ssim: 0.8825286030769348
