iterations_per_sec: 16.123058873150217
train/distortion_loss: 0.010545761042246313
train/grad_norm: 0.01753897952724888
train/interlevel_loss: 0.0005346681573428214
train/iterations_per_sec: 16.123058873150217
train/l12_reg: 2.1273975083322236
train/loss: 0.0013353896792978048
train/mse: 0.0007901757519287669
train/psnr: 31.04741219799928
train/tv_reg_l1: 1.4301970823846681
train/tv_reg_l2: 1.8084093019215748
