lpips: 0.017437610775232315
mse: 0.0005290148546919227
psnr: 33.19128018241102
ssim: 0.9657792448997498
