lpips: 0.012531709857285023
mse: 0.00028561463113874197
psnr: 35.54187651385677
ssim: 0.9730480313301086
