iterations_per_sec: 16.908243512442873
train/distortion_loss: 0.003607699576991074
train/grad_norm: 0.017494587274738634
train/interlevel_loss: 0.0007352027765738618
train/iterations_per_sec: 16.908243512442873
train/l12_reg: 2.4958925126778957
train/loss: 0.001047064597845416
train/mse: 0.00030825412308919535
train/psnr: 35.15843065820559
train/tv_reg_l1: 1.4780771720288979
train/tv_reg_l2: 2.0331164345596777
