lpips: 0.043244458734989166
mse: 0.0021907808259129524
psnr: 27.05527424821558
ssim: 0.9227509498596191
