lpips: 0.02928616851568222
mse: 0.0008667412330396473
psnr: 30.835971486456888
ssim: 0.9504467248916626
