iterations_per_sec: 21.686525354476327
train/distortion_loss: 0.009400725477572643
train/grad_norm: 0.0017282839116612167
train/interlevel_loss: 0.0002700510923397925
train/iterations_per_sec: 21.686525354476327
train/l12_reg: 2.4509793315270936
train/loss: 0.0011736355125762973
train/mse: 0.0008941836804480791
train/psnr: 30.50826074619486
train/tv_reg_l1: 1.827633606062995
train/tv_reg_l2: 2.6124865189947264
