lpips: 0.13717669248580933
mse: 0.004339388571679592
psnr: 23.731094750997563
ssim: 0.8601884245872498
