iterations_per_sec: 49.748186854288925
train/distortion_loss: 0.009959536359993497
train/grad_norm: 0.09232793304354253
train/interlevel_loss: 0.0012201968277099006
train/iterations_per_sec: 49.748186854288925
train/l12_reg: 0.7311432710801712
train/loss: 0.005080119302176466
train/mse: 0.0037379037951015765
train/psnr: 24.291961958914094
train/tv_reg_l1: 0.07170331952246753
train/tv_reg_l2: 0.011205916245928918
