lpips: 0.13027100265026093
mse: 0.0027975121047347784
psnr: 25.551577752526647
ssim: 0.9189697504043579
