iterations_per_sec: 38.909241010864
train/distortion_loss: 0.0045438670045272874
train/grad_norm: 0.06795209629291837
train/interlevel_loss: 0.000534164771905658
train/iterations_per_sec: 38.909241010864
train/l12_reg: 0.8325086910315235
train/loss: 0.0033923229038000406
train/mse: 0.0026799609574178853
train/psnr: 25.7394053526599
train/tv_reg_l1: 0.09304191021606176
train/tv_reg_l2: 0.017365330171705495
