lpips: 0.23243018984794617
mse: 0.00997675396502018
psnr: 20.07867947734016
ssim: 0.8027864098548889
