iterations_per_sec: 31.308369608531084
train/distortion_loss: 0.01200401901521466
train/grad_norm: 0.07482156526259702
train/interlevel_loss: 0.000956121947371749
train/iterations_per_sec: 31.308369608531084
train/l12_reg: 0.9621344058200566
train/loss: 0.009799861452645726
train/mse: 0.008623358031565493
train/psnr: 20.652800319170712
train/tv_reg_l1: 0.11095640078337506
train/tv_reg_l2: 0.02083774114196951
