iterations_per_sec: 16.286470728733704
train/distortion_loss: 0.37583375609282293
train/grad_norm: 0.33029998522816284
train/interlevel_loss: 0.00545370817711257
train/iterations_per_sec: 16.286470728733704
train/l12_reg: 2.2351645604528563
train/loss: 0.013625850741083573
train/mse: 0.007796308778301634
train/psnr: 21.086131722036033
train/tv_reg_l1: 1.7150736276549523
train/tv_reg_l2: 2.547630042740793
