iterations_per_sec: 44.37327255127504
train/distortion_loss: 0.3168019510880865
train/grad_norm: 0.171801538178415
train/interlevel_loss: 0.0011392090648337447
train/iterations_per_sec: 44.37327255127504
train/l12_reg: 0.8621166649490896
train/loss: 0.0069314252039549325
train/mse: 0.0038729614432374336
train/psnr: 24.12311133953056
train/tv_reg_l1: 0.22944942026427298
train/tv_reg_l2: 0.07403359652468652
