lpips: 0.01942843198776245
mse: 0.0008683098712936044
psnr: 30.670756426647067
ssim: 0.9670519828796387
