lpips: 0.017349831759929657
mse: 0.0006224887329153717
psnr: 32.127288605218666
ssim: 0.9748571515083313
