iterations_per_sec: 43.49206355708187
train/distortion_loss: 0.005846431949222931
train/grad_norm: 0.015404084800846048
train/interlevel_loss: 0.0005245495818654132
train/iterations_per_sec: 43.49206355708187
train/l12_reg: 0.37444574092373706
train/loss: 0.0017444249736427357
train/mse: 0.0006567564001542074
train/psnr: 31.857184785785098
train/tv_reg_l1: 0.05982296409631016
train/tv_reg_l2: 0.018282680875725217
