iterations_per_sec: 12.459348669207651
train/distortion_loss: 0.08530279595141459
train/grad_norm: 0.27189704203846476
train/interlevel_loss: 0.0027022077161066157
train/iterations_per_sec: 12.459348669207651
train/l12_reg: 1.8530547799486103
train/loss: 0.006282929843762005
train/mse: 0.003495419313284484
train/psnr: 24.571971392390704
train/tv_reg_l1: 1.3405794302622478
train/tv_reg_l2: 1.778464842324305
