lpips: 0.015971338376402855
mse: 0.0005609160871244967
psnr: 32.580325273702755
ssim: 0.9773162007331848
