lpips: 0.018386268988251686
mse: 0.0008075847290456295
psnr: 30.984823166276374
ssim: 0.9689019918441772
