iterations_per_sec: 54.465404928642165
train/distortion_loss: 0.005063817986861022
train/grad_norm: 0.000791975765634855
train/interlevel_loss: 0.0006539834747937592
train/iterations_per_sec: 54.465404928642165
train/l12_reg: 0.35506051417553064
train/loss: 0.0017617462412219005
train/mse: 0.0005845454262188551
train/psnr: 32.37039743288599
train/tv_reg_l1: 0.04728435890542136
train/tv_reg_l2: 0.01630929968498572
