iterations_per_sec: 16.289335507319684
train/distortion_loss: 0.08727074820886958
train/grad_norm: 0.26709601192763355
train/interlevel_loss: 0.002802788359912658
train/iterations_per_sec: 16.289335507319684
train/l12_reg: 1.9649607858272513
train/loss: 0.006754285622990191
train/mse: 0.0038642264817926016
train/psnr: 24.13607589644615
train/tv_reg_l1: 1.4103703956411342
train/tv_reg_l2: 1.9125695505527536
