iterations_per_sec: 33.47522218067299
train/distortion_loss: 0.2774857941902045
train/grad_norm: 0.17387272063830886
train/interlevel_loss: 0.0007989603874386486
train/iterations_per_sec: 33.47522218067299
train/l12_reg: 0.8358629677030776
train/loss: 0.006585646020907043
train/mse: 0.004181611812626472
train/psnr: 23.792057249281143
train/tv_reg_l1: 0.17431777354442712
train/tv_reg_l2: 0.0491725065641933
