iterations_per_sec: 46.24817730642513
train/distortion_loss: 0.14807886442150733
train/grad_norm: 0.13552678639840599
train/interlevel_loss: 0.0012550252087583597
train/iterations_per_sec: 46.24817730642513
train/l12_reg: 0.7582499414983422
train/loss: 0.02423348283451615
train/mse: 0.0223354177568296
train/psnr: 16.51178566133133
train/tv_reg_l1: 0.14876029482393555
train/tv_reg_l2: 0.049496113539043096
