lpips: 0.15317383408546448
mse: 0.0054208505898714066
psnr: 22.77261183350539
ssim: 0.8461750149726868
