iterations_per_sec: 47.72027291273774
train/distortion_loss: 0.007123695724088736
train/grad_norm: 0.06738330596926237
train/interlevel_loss: 0.0002484121755285264
train/iterations_per_sec: 47.72027291273774
train/l12_reg: 0.7549250842344881
train/loss: 0.0048532752682351405
train/mse: 0.004435149567070032
train/psnr: 23.54646108608053
train/tv_reg_l1: 0.08420925022977771
train/tv_reg_l2: 0.01625898943254442
