lpips: 0.10394658893346786
mse: 0.0014038044027984142
psnr: 28.619890367577437
ssim: 0.9129255414009094
