iterations_per_sec: 48.68742579557237
train/distortion_loss: 0.008594900153276294
train/grad_norm: 0.02644077343207718
train/interlevel_loss: 0.00035937244896871046
train/iterations_per_sec: 48.68742579557237
train/l12_reg: 1.206551102676777
train/loss: 0.0017294366020859794
train/mse: 0.0012539621781219137
train/psnr: 29.031305621368716
train/tv_reg_l1: 0.08146793169505669
train/tv_reg_l2: 0.010750707982089183
