iterations_per_sec: 41.19087303157324
train/distortion_loss: 0.06065534247141896
train/grad_norm: 0.1047661036554009
train/interlevel_loss: 0.0004729965373619714
train/iterations_per_sec: 41.19087303157324
train/l12_reg: 0.4605034917894036
train/loss: 0.002191438986402419
train/mse: 0.0009729541277258911
train/psnr: 30.124773988820085
train/tv_reg_l1: 0.07513037068073196
train/tv_reg_l2: 0.022432945894472527
