lpips: 0.012239023111760616
mse: 0.00015269922732841223
psnr: 38.229230551727504
ssim: 0.9820442795753479
