lpips: 0.014906296506524086
mse: 0.00027653516735881567
psnr: 36.54163202959554
ssim: 0.9795820713043213
