iterations_per_sec: 38.842057035893994
train/distortion_loss: 0.002592789347876202
train/grad_norm: 0.0075461312756883074
train/interlevel_loss: 9.655712596893386e-05
train/iterations_per_sec: 38.842057035893994
train/l12_reg: 0.380170980487207
train/loss: 0.0007182450852159297
train/mse: 0.00015662664424385782
train/psnr: 38.0884632534451
train/tv_reg_l1: 0.03504112178478578
train/tv_reg_l2: 0.008229752165274789
