iterations_per_sec: 42.241260452071714
train/distortion_loss: 0.23928723040253225
train/grad_norm: 0.06633823673532467
train/interlevel_loss: 0.0032435704041460546
train/iterations_per_sec: 42.241260452071714
train/l12_reg: 0.9111202786667179
train/loss: 0.014091475189409473
train/mse: 0.010342847828687442
train/psnr: 19.857670947758837
train/tv_reg_l1: 0.12985409028602368
train/tv_reg_l2: 0.026576975435771123
