iterations_per_sec: 39.621116200859454
train/distortion_loss: 0.032551255509859385
train/grad_norm: 0.09880178941018654
train/interlevel_loss: 0.00030873327209106225
train/iterations_per_sec: 39.621116200859454
train/l12_reg: 0.5433662040065034
train/loss: 0.001512194908402785
train/mse: 0.0004272425551357858
train/psnr: 33.714757630319305
train/tv_reg_l1: 0.08808195493136993
train/tv_reg_l2: 0.020030158430789455
