lpips: 0.043394170701503754
mse: 0.0015982870245352387
psnr: 28.036705428674157
ssim: 0.9458282589912415
