lpips: 0.051955968141555786
mse: 0.0030526919290423393
psnr: 25.39204383441247
ssim: 0.9300292134284973
