iterations_per_sec: 30.66308188322344
train/distortion_loss: 0.005215168027489474
train/grad_norm: 0.040488768669992986
train/interlevel_loss: 0.00032918436706743455
train/iterations_per_sec: 30.66308188322344
train/l12_reg: 0.5125699007149899
train/loss: 0.002837274536358738
train/mse: 0.0016809904693879864
train/psnr: 27.76536610150578
train/tv_reg_l1: 0.09130925248668652
train/tv_reg_l2: 0.03093146359679675
