lpips: 0.008206572383642197
mse: 0.0004127885040361434
psnr: 34.003160072025494
ssim: 0.985807478427887
