lpips: 0.0068062907084822655
mse: 0.0003322690608911216
psnr: 35.03233767254825
ssim: 0.987953782081604
