iterations_per_sec: 37.5316623047047
train/distortion_loss: 0.0010326796027859955
train/grad_norm: 0.035027869845354796
train/interlevel_loss: 7.118252397784164e-05
train/iterations_per_sec: 37.5316623047047
train/l12_reg: 0.2596525592033309
train/loss: 0.0007746331728853737
train/mse: 0.00036225380579414163
train/psnr: 34.47157757691663
train/tv_reg_l1: 0.02339649845780146
train/tv_reg_l2: 0.008051160346679014
