lpips: 0.1535305231809616
mse: 0.003295609960332513
psnr: 24.993899428256558
ssim: 0.8586167693138123
