iterations_per_sec: 28.869647744289477
train/distortion_loss: 0.008353173977347335
train/grad_norm: 0.03108093309018648
train/interlevel_loss: 0.0010135266994540063
train/iterations_per_sec: 28.869647744289477
train/l12_reg: 0.8842029691946627
train/loss: 0.004106453975022893
train/mse: 0.0029626240685695047
train/psnr: 25.29227961915912
train/tv_reg_l1: 0.07785002864671475
train/tv_reg_l2: 0.01219500345413131
