iterations_per_sec: 35.59529587977354
train/distortion_loss: 0.19972522647091837
train/grad_norm: 0.3175474035017418
train/interlevel_loss: 0.0015130776963714096
train/iterations_per_sec: 35.59529587977354
train/l12_reg: 0.7373532472234784
train/loss: 0.008898528734918195
train/mse: 0.005765586348269323
train/psnr: 22.395014117462466
train/tv_reg_l1: 0.19048634502622816
train/tv_reg_l2: 0.0682786192857858
