lpips: 0.05199128016829491
mse: 0.0031349032651633024
psnr: 25.27461143502249
ssim: 0.9303382635116577
