lpips: 0.043801404535770416
mse: 0.0016185672720894217
psnr: 27.991207256730654
ssim: 0.9459109306335449
