iterations_per_sec: 56.13559306838808
train/distortion_loss: 0.004971374066151453
train/grad_norm: 0.042423055761239746
train/interlevel_loss: 0.0003010448726303311
train/iterations_per_sec: 56.13559306838808
train/l12_reg: 0.5013005950234153
train/loss: 0.002807367146203313
train/mse: 0.001703233576868896
train/psnr: 27.707649828207614
train/tv_reg_l1: 0.08590050207244025
train/tv_reg_l2: 0.029681667252772985
