lpips: 0.1291046440601349
mse: 0.005246481392532587
psnr: 22.846160827655787
ssim: 0.8755739331245422
