iterations_per_sec: 46.37516843922797
train/distortion_loss: 0.009266201006907105
train/grad_norm: 0.03330303147209413
train/interlevel_loss: 0.0003600433657552595
train/iterations_per_sec: 46.37516843922797
train/l12_reg: 0.8485077896503487
train/loss: 0.005010493118504081
train/mse: 0.004483093897990807
train/psnr: 23.493472898849333
train/tv_reg_l1: 0.09294836494055661
train/tv_reg_l2: 0.015808966405915493
