iterations_per_sec: 48.24119444965154
train/distortion_loss: 0.3107654241600422
train/grad_norm: 0.2007127514090201
train/interlevel_loss: 0.0009823634490286086
train/iterations_per_sec: 48.24119444965154
train/l12_reg: 0.8186249552351056
train/loss: 0.005880206428242453
train/mse: 0.003200580424751447
train/psnr: 24.957465027317856
train/tv_reg_l1: 0.18380434570288418
train/tv_reg_l2: 0.056787209453606845
