iterations_per_sec: 39.61259424354272
train/distortion_loss: 0.5630441807737254
train/grad_norm: 0.05131033123141587
train/interlevel_loss: 0.0017900431206487495
train/iterations_per_sec: 39.61259424354272
train/l12_reg: 1.134557757714782
train/loss: 0.0068519590610657075
train/mse: 0.0043023987108785095
train/psnr: 23.668450133969085
train/tv_reg_l1: 0.12078330748611027
train/tv_reg_l2: 0.01964730912386769
