lpips: 0.006627383641898632
mse: 0.0001956709602382034
psnr: 37.17181231236934
ssim: 0.9816568493843079
