lpips: 0.009368859231472015
mse: 0.00033672855352051556
psnr: 35.148866330657796
ssim: 0.9771925210952759
