iterations_per_sec: 41.50795874109049
train/distortion_loss: 0.0028850016174743875
train/grad_norm: 0.020194828816021634
train/interlevel_loss: 0.0004967607683008255
train/iterations_per_sec: 41.50795874109049
train/l12_reg: 0.44124383486882607
train/loss: 0.0013684976547297955
train/mse: 0.00021529059111601625
train/psnr: 36.73234758473406
train/tv_reg_l1: 0.0636645383907087
train/tv_reg_l2: 0.021231744476039
