lpips: 0.014283811673521996
mse: 0.00026305028586648405
psnr: 36.663334692218136
ssim: 0.9800045490264893
