lpips: 0.01190032996237278
mse: 0.00015100211021490395
psnr: 38.27955714015257
ssim: 0.9823781847953796
