iterations_per_sec: 41.61168820260614
train/distortion_loss: 0.002766428188411425
train/grad_norm: 0.010185452258082652
train/interlevel_loss: 9.287395133846204e-05
train/iterations_per_sec: 41.61168820260614
train/l12_reg: 0.3722217013739576
train/loss: 0.0007008093901947517
train/mse: 0.00015565538041016107
train/psnr: 38.11649206912879
train/tv_reg_l1: 0.03385664831207256
train/tv_reg_l2: 0.007729191511794172
