lpips: 0.08505093306303024
mse: 0.000817904423456639
psnr: 30.90872035568085
ssim: 0.8775472044944763
