lpips: 0.07995786517858505
mse: 0.0011260791216045618
psnr: 29.74490907804636
ssim: 0.879391074180603
