iterations_per_sec: 16.966580684633467
train/distortion_loss: 0.011836164781466277
train/grad_norm: 0.019495689921607873
train/interlevel_loss: 0.0005541583076307569
train/iterations_per_sec: 16.966580684633467
train/l12_reg: 2.282149497908775
train/loss: 0.0014020166162288551
train/mse: 0.0008360221405805211
train/psnr: 30.806566431064798
train/tv_reg_l1: 1.5161702380035862
train/tv_reg_l2: 1.8714622475884177
