lpips: 0.10959676653146744
mse: 0.004133685026317835
psnr: 23.94454840596445
ssim: 0.8712126016616821
