iterations_per_sec: 47.17022582093881
train/distortion_loss: 0.005981746496576251
train/grad_norm: 0.0774805202628627
train/interlevel_loss: 0.00033971108466791306
train/iterations_per_sec: 47.17022582093881
train/l12_reg: 0.6961295791346618
train/loss: 0.0038594458219265997
train/mse: 0.003395132085477764
train/psnr: 24.710045824147233
train/tv_reg_l1: 0.06853673765153596
train/tv_reg_l2: 0.011862087599707373
