iterations_per_sec: 18.55588337748148
train/distortion_loss: 0.25715528594122994
train/grad_norm: 0.17254053567997132
train/interlevel_loss: 0.0007278774388727139
train/iterations_per_sec: 18.55588337748148
train/l12_reg: 0.8551174986242044
train/loss: 0.004040734790679481
train/mse: 0.0017195839618304462
train/psnr: 27.65760192485771
train/tv_reg_l1: 0.19147356878025362
train/tv_reg_l2: 0.04810005332333873
