lpips: 0.010513142682611942
mse: 0.0003231969603803009
psnr: 35.24246078705894
ssim: 0.982187807559967
