lpips: 0.013637705706059933
mse: 0.00040338721009902656
psnr: 34.15185585618936
ssim: 0.9784172177314758
