iterations_per_sec: 29.96765945287477
train/distortion_loss: 0.0009634643957733807
train/grad_norm: 0.01585042660096378
train/interlevel_loss: 0.0001280201565782361
train/iterations_per_sec: 29.96765945287477
train/l12_reg: 0.38490912679469946
train/loss: 0.0009858121694479552
train/mse: 0.0003374513174581219
train/psnr: 34.75668512209497
train/tv_reg_l1: 0.041543469058744835
train/tv_reg_l2: 0.013446809789824366
