lpips: 0.013682917691767216
mse: 0.00024162560293916613
psnr: 36.80163181369308
ssim: 0.9798962473869324
