lpips: 0.012043352238833904
mse: 0.00015141081530600786
psnr: 38.272374922925884
ssim: 0.9819638729095459
