iterations_per_sec: 54.705923166594715
train/distortion_loss: 0.0023712541160145493
train/grad_norm: 0.0003873287494919931
train/interlevel_loss: 8.622394678314603e-05
train/iterations_per_sec: 54.705923166594715
train/l12_reg: 0.3228135310640239
train/loss: 0.0006339137525899768
train/mse: 0.00015560323516532515
train/psnr: 38.116345684937755
train/tv_reg_l1: 0.027132631307750038
train/tv_reg_l2: 0.006690178381636588
