lpips: 0.019241437315940857
mse: 0.000865030859131366
psnr: 30.684041809688132
ssim: 0.9669180512428284
