lpips: 0.01666792668402195
mse: 0.0006121908081695437
psnr: 32.20072297630133
ssim: 0.9752287864685059
