iterations_per_sec: 22.233874469631605
train/distortion_loss: 0.005963965098025522
train/grad_norm: 0.015283649966045462
train/interlevel_loss: 0.0005225665397551664
train/iterations_per_sec: 22.233874469631605
train/l12_reg: 0.37549057211538756
train/loss: 0.001733795014172416
train/mse: 0.0006457281612316053
train/psnr: 31.926801681518555
train/tv_reg_l1: 0.06162555711437957
train/tv_reg_l2: 0.018404575196480512
