lpips: 0.044204674661159515
mse: 0.0015388134634122252
psnr: 28.19628633499803
ssim: 0.9442998766899109
