lpips: 0.06203673407435417
mse: 0.004315537866204977
psnr: 23.973966887421657
ssim: 0.9187527298927307
