iterations_per_sec: 16.52869354935153
train/distortion_loss: 0.023006235973702535
train/grad_norm: 0.041450109144653934
train/interlevel_loss: 0.0008196143170047288
train/iterations_per_sec: 16.52869354935153
train/l12_reg: 2.4706078177750714
train/loss: 0.0024492107825635962
train/mse: 0.0016065902227178365
train/psnr: 27.965168480921275
train/tv_reg_l1: 1.8369362510816016
train/tv_reg_l2: 2.5126587236770477
