lpips: 0.09221651405096054
mse: 0.0008413007017225027
psnr: 30.785747157961072
ssim: 0.8771207332611084
