lpips: 0.08383332937955856
mse: 0.0010484050726518035
psnr: 29.89521225659036
ssim: 0.881523847579956
