iterations_per_sec: 55.19772287070495
train/distortion_loss: 0.009784903969954361
train/grad_norm: 0.024744584178081667
train/interlevel_loss: 0.0003231896056365598
train/iterations_per_sec: 55.19772287070495
train/l12_reg: 0.5259655611683623
train/loss: 0.0019249785809090944
train/mse: 0.0008544191227746055
train/psnr: 30.70718653515132
train/tv_reg_l1: 0.07528188975170405
train/tv_reg_l2: 0.021161938311927246
