lpips: 0.04344015195965767
mse: 0.002392102498561144
psnr: 26.7137219841556
ssim: 0.9218092560768127
