lpips: 0.026226358488202095
mse: 0.0007446837262250483
psnr: 31.48146384756676
ssim: 0.955314576625824
