iterations_per_sec: 16.921064380617214
train/distortion_loss: 0.015526905994523655
train/grad_norm: 0.030288123139979865
train/interlevel_loss: 0.00043647457208164563
train/iterations_per_sec: 16.921064380617214
train/l12_reg: 2.5606581345953123
train/loss: 0.0012242227770397534
train/mse: 0.0007722213002382731
train/psnr: 31.16119824033795
train/tv_reg_l1: 1.97200974791941
train/tv_reg_l2: 3.0808293578600643
