iterations_per_sec: 17.952023654453992
train/distortion_loss: 0.3118207969448783
train/grad_norm: 0.16652877613751574
train/interlevel_loss: 0.0011174894382499836
train/iterations_per_sec: 17.952023654453992
train/l12_reg: 0.837739742765523
train/loss: 0.0065036207164703595
train/mse: 0.0034639755042853077
train/psnr: 24.608210130171344
train/tv_reg_l1: 0.24044982426696354
train/tv_reg_l2: 0.07725951880818666
