lpips: 0.17177847027778625
mse: 0.004891169257462025
psnr: 23.222171177738502
ssim: 0.8108128309249878
