iterations_per_sec: 47.85827628046896
train/distortion_loss: 0.012793711038550945
train/grad_norm: 0.06518754724300269
train/interlevel_loss: 0.0014770467944367968
train/iterations_per_sec: 47.85827628046896
train/l12_reg: 0.8000976804530981
train/loss: 0.00599670402160046
train/mse: 0.004348649224736775
train/psnr: 23.626567166260998
train/tv_reg_l1: 0.08351893738062695
train/tv_reg_l2: 0.015821429138833828
