lpips: 0.014397475868463516
mse: 0.00025671444018371403
psnr: 36.70383342426456
ssim: 0.9797040820121765
