lpips: 0.012124741449952126
mse: 0.00015056031406857073
psnr: 38.298083168543535
ssim: 0.9821255207061768
