iterations_per_sec: 35.0096154695635
train/distortion_loss: 0.002590997022285004
train/grad_norm: 0.00851703520318625
train/interlevel_loss: 8.923536282082117e-05
train/iterations_per_sec: 35.0096154695635
train/l12_reg: 0.3350630014231711
train/loss: 0.0006537253173500902
train/mse: 0.00015620437360749665
train/psnr: 38.10004960647737
train/tv_reg_l1: 0.028785109425885507
train/tv_reg_l2: 0.007063156214890757
