iterations_per_sec: 27.082021566339936
train/distortion_loss: 0.060196508437094065
train/grad_norm: 0.09036619547340605
train/interlevel_loss: 0.0014257951724258337
train/iterations_per_sec: 27.082021566339936
train/l12_reg: 0.5937938058015072
train/loss: 0.005149538365352636
train/mse: 0.0027441754137551544
train/psnr: 25.619516623140587
train/tv_reg_l1: 0.11241177461966119
train/tv_reg_l2: 0.032557746903462845
