lpips: 0.016456440091133118
mse: 0.00027177040465176105
psnr: 36.38586380541945
ssim: 0.978219747543335
