lpips: 0.014089453034102917
mse: 0.0001676403044257313
psnr: 37.81832091517798
ssim: 0.98033607006073
