iterations_per_sec: 23.18730880029467
train/distortion_loss: 0.0028310576359731983
train/grad_norm: 0.010500035855467573
train/interlevel_loss: 0.00010321224721282664
train/iterations_per_sec: 23.18730880029467
train/l12_reg: 0.4058631760905487
train/loss: 0.0007722397814645911
train/mse: 0.00017154111992567778
train/psnr: 37.68677012125651
train/tv_reg_l1: 0.040502280975231016
train/tv_reg_l2: 0.008879216566606604
