lpips: 0.007388485129922628
mse: 0.0003520002937875688
psnr: 34.79092813475189
ssim: 0.987220287322998
