lpips: 0.008599614724516869
mse: 0.00042271293932572007
psnr: 33.87848835096272
ssim: 0.9852328300476074
