iterations_per_sec: 38.457378401364814
train/distortion_loss: 0.0011206901928579266
train/grad_norm: 0.03337944110836646
train/interlevel_loss: 7.356479259077318e-05
train/iterations_per_sec: 38.457378401364814
train/l12_reg: 0.2608176752774402
train/loss: 0.0008048169824031342
train/mse: 0.00038483369016003877
train/psnr: 34.205684623332935
train/tv_reg_l1: 0.023740221680414796
train/tv_reg_l2: 0.008448012455394774
