lpips: 0.011956920847296715
mse: 0.00038106663851067424
psnr: 34.41457629697507
ssim: 0.979951798915863
