lpips: 0.009041843004524708
mse: 0.00029394784360192716
psnr: 35.63290684084299
ssim: 0.9835749268531799
