iterations_per_sec: 16.604515343045495
train/distortion_loss: 0.001075935528867624
train/grad_norm: 0.011678797653829209
train/interlevel_loss: 0.00014776135334742697
train/iterations_per_sec: 16.604515343045495
train/l12_reg: 2.188214887272228
train/loss: 0.00045576727434033245
train/mse: 0.0003069299859679163
train/psnr: 35.16606147843178
train/tv_reg_l1: 1.3452943780205466
train/tv_reg_l2: 1.5674969391389326
