lpips: 0.2883715033531189
mse: 0.006329020485281944
psnr: 22.127583493909263
ssim: 0.7389492988586426
