iterations_per_sec: 52.27466963675726
train/distortion_loss: 0.030419430780139835
train/grad_norm: 0.10465575412216813
train/interlevel_loss: 0.0013297972377540187
train/iterations_per_sec: 52.27466963675726
train/l12_reg: 0.9433833198113875
train/loss: 0.006910531424136475
train/mse: 0.005364265735025959
train/psnr: 22.718603211219865
train/tv_reg_l1: 0.09869606348902288
train/tv_reg_l2: 0.018604904638998436
