lpips: 0.01214440818876028
mse: 0.0003806377062574029
psnr: 34.3807396916342
ssim: 0.9791126251220703
