lpips: 0.009514864534139633
mse: 0.0003079390153288841
psnr: 35.42443228975647
ssim: 0.9825186133384705
