iterations_per_sec: 16.882207822681398
train/distortion_loss: 0.000926966345610304
train/grad_norm: 0.013756511144979734
train/interlevel_loss: 0.00016590094721800826
train/iterations_per_sec: 16.882207822681398
train/l12_reg: 2.4732704162597656
train/loss: 0.00048552805056908363
train/mse: 0.00031870013753168585
train/psnr: 34.99663393425219
train/tv_reg_l1: 1.2813415816335967
train/tv_reg_l2: 1.588267900727012
