lpips: 0.1267516314983368
mse: 0.002719681477174163
psnr: 25.67686305387376
ssim: 0.9222824573516846
