iterations_per_sec: 48.03119306434207
train/distortion_loss: 0.002825045015079656
train/grad_norm: 0.06745649949468747
train/interlevel_loss: 0.00034051004066978663
train/iterations_per_sec: 48.03119306434207
train/l12_reg: 0.935450447328163
train/loss: 0.0030569336918003934
train/mse: 0.0025433921302207793
train/psnr: 25.972997819534456
train/tv_reg_l1: 0.08868816991647084
train/tv_reg_l2: 0.017020649041491327
