iterations_per_sec: 38.40330663886106
train/distortion_loss: 0.1953464337069579
train/grad_norm: 0.05663919584317641
train/interlevel_loss: 0.0011766625913988912
train/iterations_per_sec: 38.40330663886106
train/l12_reg: 1.0257797542244498
train/loss: 0.007214742265829835
train/mse: 0.005613211434183999
train/psnr: 22.510865278918335
train/tv_reg_l1: 0.11964700657008874
train/tv_reg_l2: 0.02295217920809683
