lpips: 0.01175534725189209
mse: 0.00015115506539586931
psnr: 38.28459599920222
ssim: 0.9814243316650391
