lpips: 0.014747829176485538
mse: 0.00027281793882139027
psnr: 36.59233756788806
ssim: 0.978527307510376
