iterations_per_sec: 16.737320074334722
train/distortion_loss: 0.0027669908648187466
train/grad_norm: 0.008189892147037418
train/interlevel_loss: 9.959984743894746e-05
train/iterations_per_sec: 16.737320074334722
train/l12_reg: 1.9574233546401516
train/loss: 0.00025551411575482536
train/mse: 0.00015314727771152374
train/psnr: 38.183766914136484
train/tv_reg_l1: 1.0969541361837676
train/tv_reg_l2: 1.1445228752463754
