lpips: 0.021238427609205246
mse: 0.0009482307941652834
psnr: 30.30624031626775
ssim: 0.965627133846283
