lpips: 0.01789899729192257
mse: 0.0005911553162150085
psnr: 32.35196568088838
ssim: 0.9758751392364502
