iterations_per_sec: 38.60342323410944
train/distortion_loss: 0.011024382708575389
train/grad_norm: 0.014156871696350852
train/interlevel_loss: 0.000990641557945484
train/iterations_per_sec: 38.60342323410944
train/l12_reg: 0.39587797329883384
train/loss: 0.0022159311026711055
train/mse: 0.0006242395617359441
train/psnr: 32.07807556306473
train/tv_reg_l1: 0.07720877230167389
train/tv_reg_l2: 0.019414759495041588
