lpips: 0.01346678752452135
mse: 0.0003987257950939238
psnr: 34.20124409897155
ssim: 0.9783316254615784
