lpips: 0.010480939410626888
mse: 0.0003199706261511892
psnr: 35.28602925325353
ssim: 0.9820418357849121
