iterations_per_sec: 49.97316884713619
train/distortion_loss: 0.0009378030563403635
train/grad_norm: 0.015669589763450804
train/interlevel_loss: 0.00012349776572058674
train/iterations_per_sec: 49.97316884713619
train/l12_reg: 0.35638103340611316
train/loss: 0.0009389124079278171
train/mse: 0.00033382606231654533
train/psnr: 34.79973120641227
train/tv_reg_l1: 0.03806908658207065
train/tv_reg_l2: 0.012426972389221191
