iterations_per_sec: 38.60654932984602
train/distortion_loss: 0.2400518168102611
train/grad_norm: 0.0805203238445701
train/interlevel_loss: 0.002273950111967596
train/iterations_per_sec: 38.60654932984602
train/l12_reg: 0.996723432733555
train/loss: 0.012007867494090036
train/mse: 0.009271288384692837
train/psnr: 20.332291747584488
train/tv_reg_l1: 0.11098887748790509
train/tv_reg_l2: 0.022257719414703774
