lpips: 0.14421983063220978
mse: 0.004601603839546442
psnr: 23.472006867437667
ssim: 0.8258814811706543
