iterations_per_sec: 51.70836262141549
train/distortion_loss: 0.012801162174178494
train/grad_norm: 0.06170511520420662
train/interlevel_loss: 0.0007764436269291874
train/iterations_per_sec: 51.70836262141549
train/l12_reg: 0.9564057600618613
train/loss: 0.005095358613426938
train/mse: 0.004122920082693901
train/psnr: 23.858838823106552
train/tv_reg_l1: 0.09365243615225108
train/tv_reg_l2: 0.018319373950362206
