lpips: 0.13247014582157135
mse: 0.0016894477885216475
psnr: 27.775261714909234
ssim: 0.8991888165473938
