iterations_per_sec: 51.905714371371914
train/distortion_loss: 0.011003289926759523
train/grad_norm: 0.031459143789804946
train/interlevel_loss: 0.0006299885912948862
train/iterations_per_sec: 51.905714371371914
train/l12_reg: 1.210055319949834
train/loss: 0.002312143392051862
train/mse: 0.0015661885627931116
train/psnr: 28.066343403825858
train/tv_reg_l1: 0.07468829364186585
train/tv_reg_l2: 0.010496294069470781
