iterations_per_sec: 47.336672713767626
train/distortion_loss: 0.04005720515293305
train/grad_norm: 0.08403030399120215
train/interlevel_loss: 0.0011501862230061581
train/iterations_per_sec: 47.336672713767626
train/l12_reg: 0.4062977941951366
train/loss: 0.004925142639702318
train/mse: 0.0030925024531292494
train/psnr: 25.100884216000335
train/tv_reg_l1: 0.06381455929291369
train/tv_reg_l2: 0.023609893960934696
