lpips: 0.01494682114571333
mse: 0.00026549387257546186
psnr: 36.61566283409711
ssim: 0.9794921875
