lpips: 0.01251242496073246
mse: 0.00015343677659984678
psnr: 38.20403828593922
ssim: 0.981971800327301
