iterations_per_sec: 41.58710692636334
train/distortion_loss: 0.0026033731704257954
train/grad_norm: 0.009053757425980887
train/interlevel_loss: 0.00012579737431040467
train/iterations_per_sec: 41.58710692636334
train/l12_reg: 0.4014744358231323
train/loss: 0.000780962542818878
train/mse: 0.00015943944310143853
train/psnr: 38.015006595187714
train/tv_reg_l1: 0.03995954230277225
train/tv_reg_l2: 0.009164789202387887
