iterations_per_sec: 13.63680575973624
train/distortion_loss: 0.038679682094641406
train/grad_norm: 0.09114497478562172
train/interlevel_loss: 0.0007028575831403335
train/iterations_per_sec: 13.63680575973624
train/l12_reg: 1.9894015343502314
train/loss: 0.0011915344206352878
train/mse: 0.00044999716184901617
train/psnr: 33.489983182964906
train/tv_reg_l1: 1.391658295284618
train/tv_reg_l2: 1.5436599266649498
