lpips: 0.00878001470118761
mse: 0.00039001257391646504
psnr: 34.31518193405564
ssim: 0.9853203296661377
