lpips: 0.010139393620193005
mse: 0.0004728152707684785
psnr: 33.39385211145695
ssim: 0.9831969738006592
