iterations_per_sec: 23.03370192851446
train/distortion_loss: 0.0011223235351005287
train/grad_norm: 0.037359599503829624
train/interlevel_loss: 8.065662658544059e-05
train/iterations_per_sec: 23.03370192851446
train/l12_reg: 0.2841606859606926
train/loss: 0.0008824179072469248
train/mse: 0.000421197265633523
train/psnr: 33.80121111628985
train/tv_reg_l1: 0.028332418470521165
train/tv_reg_l2: 0.0095280980258578
