iterations_per_sec: 39.979663415113826
train/distortion_loss: 0.18881103050227116
train/grad_norm: 0.054170840466865385
train/interlevel_loss: 0.0013177568784378695
train/iterations_per_sec: 39.979663415113826
train/l12_reg: 1.0176348686218262
train/loss: 0.008107751005827779
train/mse: 0.0063919491567319695
train/psnr: 21.946093087244517
train/tv_reg_l1: 0.11128512800040871
train/tv_reg_l2: 0.02092339348687668
