iterations_per_sec: 35.63930478877205
train/distortion_loss: 0.05405964171796134
train/grad_norm: 0.08711539818481966
train/interlevel_loss: 0.00126048328820616
train/iterations_per_sec: 35.63930478877205
train/l12_reg: 0.5476730983666699
train/loss: 0.005086051982197195
train/mse: 0.0029241119163355444
train/psnr: 25.344081204346935
train/tv_reg_l1: 0.10299573274272861
train/tv_reg_l2: 0.029972406141836234
