iterations_per_sec: 38.08790020561432
train/distortion_loss: 0.7856409790539982
train/grad_norm: 0.11678775106415604
train/interlevel_loss: 0.0022988624381597594
train/iterations_per_sec: 38.08790020561432
train/l12_reg: 1.4339815739429358
train/loss: 0.023046226983871123
train/mse: 0.019631896977021238
train/psnr: 17.071763664785056
train/tv_reg_l1: 0.1450816695437287
train/tv_reg_l2: 0.03298266615831491
