lpips: 0.22346271574497223
mse: 0.009858745150268078
psnr: 20.12573628485386
ssim: 0.8081842064857483
