iterations_per_sec: 49.1722905687711
train/distortion_loss: 0.015134793772089362
train/grad_norm: 0.07158139927519692
train/interlevel_loss: 0.0009598678725799828
train/iterations_per_sec: 49.1722905687711
train/l12_reg: 0.9212213820881314
train/loss: 0.009591550519219552
train/mse: 0.00840367896087242
train/psnr: 20.76530373698533
train/tv_reg_l1: 0.11422345501304877
train/tv_reg_l2: 0.02128688876300749
