lpips: 0.014896582812070847
mse: 0.0004813735431525856
psnr: 33.23836704871115
ssim: 0.9789330363273621
