lpips: 0.02120809070765972
mse: 0.001082907197996974
psnr: 29.806823613380146
ssim: 0.9656687378883362
