iterations_per_sec: 17.990020625975397
train/distortion_loss: 0.016439467903715792
train/grad_norm: 0.01562792847328114
train/interlevel_loss: 0.0006723148187368431
train/iterations_per_sec: 17.990020625975397
train/l12_reg: 2.46816241620767
train/loss: 0.0012050676006692075
train/mse: 0.0005163133151434137
train/psnr: 32.90243676696161
train/tv_reg_l1: 1.9579489170902906
train/tv_reg_l2: 2.706034682013772
