lpips: 0.1638844609260559
mse: 0.005083696451038122
psnr: 23.042360873827374
ssim: 0.8117703199386597
