iterations_per_sec: 46.86088254092157
train/distortion_loss: 0.013106391454736391
train/grad_norm: 0.06604814250962902
train/interlevel_loss: 0.0007423333020532748
train/iterations_per_sec: 46.86088254092157
train/l12_reg: 0.9885922989459953
train/loss: 0.005516698932030586
train/mse: 0.004573964429172603
train/psnr: 23.407222227616742
train/tv_reg_l1: 0.09845248399057774
train/tv_reg_l2: 0.018729478271320613
