lpips: 0.14779196679592133
mse: 0.003080348949879408
psnr: 25.134094881686796
ssim: 0.9126617908477783
