iterations_per_sec: 29.45450621716002
train/distortion_loss: 0.004649243425728396
train/grad_norm: 0.08042899824001572
train/interlevel_loss: 0.0005639164015942376
train/iterations_per_sec: 29.45450621716002
train/l12_reg: 0.8415151142110728
train/loss: 0.0036581274159628936
train/mse: 0.002916781074188725
train/psnr: 25.374679314969764
train/tv_reg_l1: 0.09457192020584838
train/tv_reg_l2: 0.017278066130750107
