lpips: 0.14689549803733826
mse: 0.003083750605583191
psnr: 25.273959067203233
ssim: 0.865140974521637
