iterations_per_sec: 29.04647425404862
train/distortion_loss: 0.006585329502933856
train/grad_norm: 0.02898591069147141
train/interlevel_loss: 0.0009538296103298739
train/iterations_per_sec: 29.04647425404862
train/l12_reg: 0.8803827425446173
train/loss: 0.003911191524674344
train/mse: 0.002829652787609534
train/psnr: 25.49413823599767
train/tv_reg_l1: 0.07518512860994146
train/tv_reg_l2: 0.012112379459795928
