iterations_per_sec: 16.661713883482076
train/distortion_loss: 0.14530291807169865
train/grad_norm: 0.3333123898265338
train/interlevel_loss: 0.0018947049493271142
train/iterations_per_sec: 16.661713883482076
train/l12_reg: 0.6332123526419052
train/loss: 0.008627005946831872
train/mse: 0.005357850258323279
train/psnr: 22.712464380745935
train/tv_reg_l1: 0.1296956492493851
train/tv_reg_l2: 0.05959355409699257
