lpips: 0.008825867436826229
mse: 0.00028649854357354343
psnr: 35.75874064515006
ssim: 0.9841755032539368
