lpips: 0.011286714114248753
mse: 0.0003586488601285964
psnr: 34.65912505721298
ssim: 0.9808151125907898
