iterations_per_sec: 37.53660881134088
train/distortion_loss: 0.0009757098718311148
train/grad_norm: 0.014731061691888656
train/interlevel_loss: 0.00011530825136243507
train/iterations_per_sec: 37.53660881134088
train/l12_reg: 0.3504333095719116
train/loss: 0.0008881300061028639
train/mse: 0.0003023871071895377
train/psnr: 35.23044609301018
train/tv_reg_l1: 0.035105402985907565
train/tv_reg_l2: 0.011902560743343348
