lpips: 0.039831604808568954
mse: 0.0013999156653881073
psnr: 28.608668013376516
ssim: 0.9499339461326599
