lpips: 0.05140943452715874
mse: 0.0034511960111558437
psnr: 24.932675188862813
ssim: 0.9291954040527344
