iterations_per_sec: 35.244097694735245
train/distortion_loss: 0.015058897369814039
train/grad_norm: 0.03851377516232356
train/interlevel_loss: 0.0005978264738899665
train/iterations_per_sec: 35.244097694735245
train/l12_reg: 0.5556312347903396
train/loss: 0.0029849344652823425
train/mse: 0.001492628290299138
train/psnr: 28.281346484868212
train/tv_reg_l1: 0.11368564975382102
train/tv_reg_l2: 0.03237895438014859
