lpips: 0.028334584087133408
mse: 0.0013863748172298074
psnr: 28.848089591640875
ssim: 0.938395082950592
