lpips: 0.019347596913576126
mse: 0.0006456849514506757
psnr: 32.13472363516635
ssim: 0.9623015522956848
