iterations_per_sec: 38.560257076086415
train/distortion_loss: 0.010474212279524466
train/grad_norm: 0.02890736721644197
train/interlevel_loss: 0.0003333551685132952
train/iterations_per_sec: 38.560257076086415
train/l12_reg: 0.4023756029629948
train/loss: 0.0016197660864998747
train/mse: 0.0006769338379863348
train/psnr: 31.730509401571872
train/tv_reg_l1: 0.06632892305802818
train/tv_reg_l2: 0.019662726463543043
