lpips: 0.012703035958111286
mse: 0.0004392521223053336
psnr: 34.09909555185778
ssim: 0.9723619222640991
