lpips: 0.008845996111631393
mse: 0.00023643898020964116
psnr: 36.37176823298747
ssim: 0.9782379865646362
