iterations_per_sec: 34.36196734045653
train/distortion_loss: 0.0033203645425876884
train/grad_norm: 0.01647648499864671
train/interlevel_loss: 0.0005598398365875274
train/iterations_per_sec: 34.36196734045653
train/l12_reg: 0.538651415795991
train/loss: 0.0016239729822810852
train/mse: 0.00025621165284496554
train/psnr: 35.96389127018476
train/tv_reg_l1: 0.087525187944523
train/tv_reg_l2: 0.026594970431743248
