iterations_per_sec: 39.90489397792304
train/distortion_loss: 0.2119602517347143
train/grad_norm: 0.05397245893725241
train/interlevel_loss: 0.0012500078189233788
train/iterations_per_sec: 39.90489397792304
train/l12_reg: 0.9145651941347603
train/loss: 0.008012060367624568
train/mse: 0.006332644379011008
train/psnr: 21.986736027881353
train/tv_reg_l1: 0.115646891897977
train/tv_reg_l2: 0.021744794955458304
