lpips: 0.009040935896337032
mse: 0.0002952235226985067
psnr: 35.616320561956634
ssim: 0.9834545254707336
