lpips: 0.011681021191179752
mse: 0.0003726528666447848
psnr: 34.4929859304604
ssim: 0.980003833770752
