iterations_per_sec: 16.222304513355134
train/distortion_loss: 0.0009561684129599746
train/grad_norm: 0.011213428834735445
train/interlevel_loss: 0.00016021247934949856
train/iterations_per_sec: 16.222304513355134
train/l12_reg: 2.418814112441708
train/loss: 0.000466519399931786
train/mse: 0.00030535075333171685
train/psnr: 35.187641683250966
train/tv_reg_l1: 1.265597433754892
train/tv_reg_l2: 1.51165318850315
