iterations_per_sec: 16.94487701408587
train/distortion_loss: 0.28019471421386255
train/grad_norm: 0.21756021016173893
train/interlevel_loss: 0.0035115192206858687
train/iterations_per_sec: 16.94487701408587
train/l12_reg: 2.4140273994869657
train/loss: 0.00955805251130251
train/mse: 0.005766338560579702
train/psnr: 22.395564223780777
train/tv_reg_l1: 1.6456101735432942
train/tv_reg_l2: 2.036887026796437
