lpips: 0.01746794953942299
mse: 0.0006151521811261773
psnr: 32.3538049100008
ssim: 0.9652165174484253
