lpips: 0.02365848235785961
mse: 0.0012566752266138792
psnr: 29.27357334934155
ssim: 0.9448904395103455
