iterations_per_sec: 41.38343243900366
train/distortion_loss: 0.0064862143916237834
train/grad_norm: 0.03121552766874583
train/interlevel_loss: 0.00017666176162575456
train/iterations_per_sec: 41.38343243900366
train/l12_reg: 0.36901607868647335
train/loss: 0.0013568981790520024
train/mse: 0.0006533894244572054
train/psnr: 31.88290310869313
train/tv_reg_l1: 0.044182554715209536
train/tv_reg_l2: 0.01513446725415762
