lpips: 0.09428007155656815
mse: 0.0011915740324184299
psnr: 29.396827213084247
ssim: 0.8745378255844116
