lpips: 0.10309874266386032
mse: 0.0009234736207872629
psnr: 30.383179657815568
ssim: 0.8687565326690674
