iterations_per_sec: 65.00879253362794
train/distortion_loss: 0.010320302494096033
train/grad_norm: 0.0008607586996272357
train/interlevel_loss: 0.0003226438997021754
train/iterations_per_sec: 65.00879253362794
train/l12_reg: 0.5846413319761102
train/loss: 0.002084340937811919
train/mse: 0.0009309341296120876
train/psnr: 30.33502285889905
train/tv_reg_l1: 0.08425923256259976
train/tv_reg_l2: 0.02358012685947346
