lpips: 0.21793223917484283
mse: 0.009478063322603703
psnr: 20.2894133660962
ssim: 0.8086294531822205
