iterations_per_sec: 47.050112659745935
train/distortion_loss: 0.011134413522527073
train/grad_norm: 0.07360306355838823
train/interlevel_loss: 0.0009849147072692186
train/iterations_per_sec: 47.050112659745935
train/l12_reg: 0.9296289616160922
train/loss: 0.009517994878644293
train/mse: 0.008305694033024889
train/psnr: 20.81630648988666
train/tv_reg_l1: 0.11109172447462275
train/tv_reg_l2: 0.02162517447287988
