lpips: 0.08408388495445251
mse: 0.0007429903489537537
psnr: 31.330353037165516
ssim: 0.8857666850090027
