lpips: 0.07794919610023499
mse: 0.0009800806874409318
psnr: 30.236682834888708
ssim: 0.8879827857017517
