iterations_per_sec: 41.63352454994228
train/distortion_loss: 0.011729510689173082
train/grad_norm: 0.023666890601467604
train/interlevel_loss: 0.00037417060435711964
train/iterations_per_sec: 41.63352454994228
train/l12_reg: 0.5966822155798325
train/loss: 0.001996085035962739
train/mse: 0.0007660137783416142
train/psnr: 31.183351535989782
train/tv_reg_l1: 0.09249029549384358
train/tv_reg_l2: 0.024748888845094526
