iterations_per_sec: 42.400172082851434
train/distortion_loss: 0.5279153489103221
train/grad_norm: 0.05671096830205484
train/interlevel_loss: 0.0017953605398140621
train/iterations_per_sec: 42.400172082851434
train/l12_reg: 0.9313159603061099
train/loss: 0.02120096001284893
train/mse: 0.018608211737239
train/psnr: 17.304680602719085
train/tv_reg_l1: 0.1400213646467286
train/tv_reg_l2: 0.026947232546529386
