lpips: 0.014158620499074459
mse: 0.00016843865159898996
psnr: 37.79692303533507
ssim: 0.9799752831459045
