lpips: 0.01665620319545269
mse: 0.00027067962219007313
psnr: 36.36358654816949
ssim: 0.9778608679771423
