iterations_per_sec: 34.04891035341155
train/distortion_loss: 0.0029631791086020794
train/grad_norm: 0.009535022348052624
train/interlevel_loss: 0.00012698523480341665
train/iterations_per_sec: 34.04891035341155
train/l12_reg: 0.4260485048847969
train/loss: 0.0008239622393651216
train/mse: 0.00017272885907923503
train/psnr: 37.662073385835896
train/tv_reg_l1: 0.04459427206805258
train/tv_reg_l2: 0.009523645033965808
