lpips: 0.015329702757298946
mse: 0.0004979086806997657
psnr: 33.07637025673574
ssim: 0.97822105884552
