lpips: 0.02161538414657116
mse: 0.0011142125586047769
psnr: 29.67458300085029
ssim: 0.9647572040557861
