iterations_per_sec: 17.21920327909907
train/distortion_loss: 0.017439507691170832
train/grad_norm: 0.015578296825741276
train/interlevel_loss: 0.0006524648451519132
train/iterations_per_sec: 17.21920327909907
train/l12_reg: 2.4553878788996224
train/loss: 0.0011893803891114363
train/mse: 0.0005194760310449496
train/psnr: 32.87513020062688
train/tv_reg_l1: 1.9363309181097783
train/tv_reg_l2: 2.5517982328780975
