lpips: 0.08927564322948456
mse: 0.0008119986159726977
psnr: 30.946749659538856
ssim: 0.8790849447250366
