lpips: 0.08280010521411896
mse: 0.00109709647949785
psnr: 29.8610951094792
ssim: 0.8825869560241699
