iterations_per_sec: 31.38269161689061
train/distortion_loss: 0.011194871860847931
train/grad_norm: 0.0232441769348401
train/interlevel_loss: 0.00039592437531959
train/iterations_per_sec: 31.38269161689061
train/l12_reg: 0.6165994321457063
train/loss: 0.0021099577189865287
train/mse: 0.0008295063767817361
train/psnr: 30.836467974113695
train/tv_reg_l1: 0.10104084729847282
train/tv_reg_l2: 0.025673265183212782
