iterations_per_sec: 36.88776052837456
train/distortion_loss: 0.3883826940348654
train/grad_norm: 0.04924685856082825
train/interlevel_loss: 0.0021424863106486473
train/iterations_per_sec: 36.88776052837456
train/l12_reg: 1.0155886676576402
train/loss: 0.018679938570718573
train/mse: 0.015871902636130048
train/psnr: 17.995652959804342
train/tv_reg_l1: 0.12954024368464345
train/tv_reg_l2: 0.027716702772210344
