lpips: 0.018394315615296364
mse: 0.0006423013401217759
psnr: 32.15062271407449
ssim: 0.9643276333808899
