lpips: 0.02417672798037529
mse: 0.0012799581745639443
psnr: 29.17805626959245
ssim: 0.944731593132019
