iterations_per_sec: 38.557093615256086
train/distortion_loss: 0.006636224498953482
train/grad_norm: 0.028041068709107362
train/interlevel_loss: 0.00023357841248548768
train/iterations_per_sec: 38.557093615256086
train/l12_reg: 0.4556062158310052
train/loss: 0.0015738748315006796
train/mse: 0.0006792211265425489
train/psnr: 31.709839618567266
train/tv_reg_l1: 0.06259040414082884
train/tv_reg_l2: 0.01988328368675829
