lpips: 0.04030832275748253
mse: 0.0014492772752419114
psnr: 28.45884009085652
ssim: 0.9493836760520935
