lpips: 0.05079327151179314
mse: 0.0032728284131735563
psnr: 25.14338328484001
ssim: 0.9300891757011414
