iterations_per_sec: 41.34932214527926
train/distortion_loss: 0.012630488093227449
train/grad_norm: 0.03962545990567617
train/interlevel_loss: 0.0005070278862011478
train/iterations_per_sec: 41.34932214527926
train/l12_reg: 0.5424632412014585
train/loss: 0.0029234763286593887
train/mse: 0.0015249997059899297
train/psnr: 28.194202365297258
train/tv_reg_l1: 0.11348122125021134
train/tv_reg_l2: 0.033635499313323186
