iterations_per_sec: 38.22359125638811
train/distortion_loss: 0.1859423882431454
train/grad_norm: 0.055257223320729805
train/interlevel_loss: 0.0011110606878487902
train/iterations_per_sec: 38.22359125638811
train/l12_reg: 0.9200478744025182
train/loss: 0.007162748398541501
train/mse: 0.005616272738523254
train/psnr: 22.508857515123154
train/tv_reg_l1: 0.12560390372468969
train/tv_reg_l2: 0.024947261983397032
