lpips: 0.240143820643425
mse: 0.0051895612850785255
psnr: 22.94612046764265
ssim: 0.7566462159156799
