iterations_per_sec: 48.08031424819641
train/distortion_loss: 0.02031708136200905
train/grad_norm: 0.08038632575460154
train/interlevel_loss: 0.000784834375901317
train/iterations_per_sec: 48.08031424819641
train/l12_reg: 1.240655835228737
train/loss: 0.0055353873729179
train/mse: 0.004510319836418888
train/psnr: 23.47062600261033
train/tv_reg_l1: 0.12533509272216548
train/tv_reg_l2: 0.02199160870202262
