lpips: 0.19695234298706055
mse: 0.005901841912418604
psnr: 22.376813255216348
ssim: 0.791441798210144
