iterations_per_sec: 52.23937832310021
train/distortion_loss: 0.014640301710577926
train/grad_norm: 0.05867798707325651
train/interlevel_loss: 0.0007040307315000605
train/iterations_per_sec: 52.23937832310021
train/l12_reg: 1.0630915803138656
train/loss: 0.006211050560302807
train/mse: 0.005326598130091272
train/psnr: 22.746263812286685
train/tv_reg_l1: 0.09666225923733278
train/tv_reg_l2: 0.016578143594240903
