iterations_per_sec: 38.763294147560295
train/distortion_loss: 0.2417272547579775
train/grad_norm: 0.08407820971927257
train/interlevel_loss: 0.0022904326471340176
train/iterations_per_sec: 38.763294147560295
train/l12_reg: 1.0068779955006608
train/loss: 0.011982022342507285
train/mse: 0.009216488141453627
train/psnr: 20.3577507674092
train/tv_reg_l1: 0.11162316881948048
train/tv_reg_l2: 0.023337422747804662
