lpips: 0.06082798168063164
mse: 0.003988178912550211
psnr: 24.34234238859
ssim: 0.9188953638076782
