lpips: 0.0465049222111702
mse: 0.0016450664261355996
psnr: 27.910327998323552
ssim: 0.9414297342300415
