iterations_per_sec: 20.515158781395996
train/distortion_loss: 0.015072850011891186
train/grad_norm: 0.0018908138248147537
train/interlevel_loss: 0.0004050790645638387
train/iterations_per_sec: 20.515158781395996
train/l12_reg: 2.3424658293675895
train/loss: 0.002125353211386487
train/mse: 0.00170520130154498
train/psnr: 27.703861853088995
train/tv_reg_l1: 1.9299618872729214
train/tv_reg_l2: 2.8581472575062454
