lpips: 0.01226095575839281
mse: 0.00015194647130556405
psnr: 38.25534522775657
ssim: 0.9820145964622498
