lpips: 0.014029478654265404
mse: 0.00024966488126665354
psnr: 36.75404974881897
ssim: 0.9798870086669922
