iterations_per_sec: 37.47592131592157
train/distortion_loss: 0.0024512420723572224
train/grad_norm: 0.008374050936915657
train/interlevel_loss: 8.061494596826966e-05
train/iterations_per_sec: 37.47592131592157
train/l12_reg: 0.31750208741486674
train/loss: 0.0006225488908269038
train/mse: 0.00015558598776503155
train/psnr: 38.1164366211554
train/tv_reg_l1: 0.02660775528938481
train/tv_reg_l2: 0.0066394613387834546
