lpips: 0.08787207305431366
mse: 0.0007743957103230059
psnr: 31.148256929770874
ssim: 0.8830209374427795
