lpips: 0.08111479133367538
mse: 0.0010390252573415637
psnr: 30.019833106548194
ssim: 0.8861309885978699
