iterations_per_sec: 55.2914640133551
train/distortion_loss: 0.010567932559007948
train/grad_norm: 0.0007762147820404157
train/interlevel_loss: 0.0003385805357906102
train/iterations_per_sec: 55.2914640133551
train/l12_reg: 0.5652418630291717
train/loss: 0.001936096368790275
train/mse: 0.000792786431371827
train/psnr: 31.03773781747529
train/tv_reg_l1: 0.08067633279345253
train/tv_reg_l2: 0.022891957218749353
