lpips: 0.0796707272529602
mse: 0.0011046535801142454
psnr: 29.78472866582789
ssim: 0.8806637525558472
