lpips: 0.0863376036286354
mse: 0.0008252694387920201
psnr: 30.865872409882897
ssim: 0.8775656223297119
