iterations_per_sec: 15.474682966738907
train/distortion_loss: 0.010880749710280486
train/grad_norm: 0.021374137780506803
train/interlevel_loss: 0.0006241722860270076
train/iterations_per_sec: 15.474682966738907
train/l12_reg: 2.2026119232177734
train/loss: 0.0014709858988138913
train/mse: 0.0008359328517925483
train/psnr: 30.80085702375932
train/tv_reg_l1: 1.4000762761241259
train/tv_reg_l2: 1.7439977592892117
