lpips: 0.043347906321287155
mse: 0.0016049331752583385
psnr: 28.02126005831
ssim: 0.9459474682807922
