lpips: 0.05275721848011017
mse: 0.0033063471782952547
psnr: 25.056791417754184
ssim: 0.9297410845756531
