iterations_per_sec: 56.12503636056539
train/distortion_loss: 0.007826193353405805
train/grad_norm: 0.0413037556214164
train/interlevel_loss: 0.0003899573427836665
train/iterations_per_sec: 56.12503636056539
train/l12_reg: 0.5130055179499616
train/loss: 0.0028886940104491782
train/mse: 0.001674939051618555
train/psnr: 27.7818190834739
train/tv_reg_l1: 0.09386008255409473
train/tv_reg_l2: 0.030296585983549704
