iterations_per_sec: 42.75368608890483
train/distortion_loss: 0.3415805592079355
train/grad_norm: 0.06662599546740754
train/interlevel_loss: 0.001998064518586328
train/iterations_per_sec: 42.75368608890483
train/l12_reg: 0.8504834945755776
train/loss: 0.041575210789839424
train/mse: 0.0389444777610326
train/psnr: 14.09661369131069
train/tv_reg_l1: 0.12403077368784432
train/tv_reg_l2: 0.029108759147500753
