lpips: 0.018500518053770065
mse: 0.0006308495067059994
psnr: 32.23243786413468
ssim: 0.9641104936599731
