lpips: 0.02434007078409195
mse: 0.001221056329086423
psnr: 29.366043019001555
ssim: 0.9452860951423645
