iterations_per_sec: 54.77858052804262
train/distortion_loss: 0.006359542489540998
train/grad_norm: 0.0009991968840812192
train/interlevel_loss: 0.00014693207681329564
train/iterations_per_sec: 54.77858052804262
train/l12_reg: 0.3667497294719773
train/loss: 0.0013370752967235566
train/mse: 0.0006646698836420635
train/psnr: 31.808321268871577
train/tv_reg_l1: 0.04335376131113129
train/tv_reg_l2: 0.015236404310497973
