iterations_per_sec: 43.51847045078632
train/distortion_loss: 0.7416331900490655
train/grad_norm: 0.10076290444292203
train/interlevel_loss: 0.002220827712197647
train/iterations_per_sec: 43.51847045078632
train/l12_reg: 1.1091295468686806
train/loss: 0.02651275805376395
train/mse: 0.023223644047222956
train/psnr: 16.342003408104482
train/tv_reg_l1: 0.15438386256044562
train/tv_reg_l2: 0.03266530559219495
