iterations_per_sec: 39.02174364406135
train/distortion_loss: 0.04197350321243508
train/grad_norm: 0.015299266044313859
train/interlevel_loss: 0.00026910254485420696
train/iterations_per_sec: 39.02174364406135
train/l12_reg: 0.6841362516085306
train/loss: 0.028233324600891632
train/mse: 0.02786533186456772
train/psnr: 15.550434594202523
train/tv_reg_l1: 0.03479615677938317
train/tv_reg_l2: 0.005691669763752607
