iterations_per_sec: 44.727053168454
train/distortion_loss: 0.3424638937218021
train/grad_norm: 0.08522356286494419
train/interlevel_loss: 0.0025919655742443573
train/iterations_per_sec: 44.727053168454
train/l12_reg: 0.9920337013523988
train/loss: 0.027194162943597996
train/mse: 0.02397253243911146
train/psnr: 16.20466203400583
train/tv_reg_l1: 0.13894070112946058
train/tv_reg_l2: 0.02872010064546508
