lpips: 0.01193150132894516
mse: 0.00042576034320518374
psnr: 34.186589130764126
ssim: 0.97247713804245
