lpips: 0.008371003903448582
mse: 0.00024339590163435787
psnr: 36.220151093045835
ssim: 0.9775104522705078
