iterations_per_sec: 23.01302148343197
train/distortion_loss: 0.0030132216010995286
train/grad_norm: 0.000779908298599449
train/interlevel_loss: 0.0008491987834044855
train/iterations_per_sec: 23.01302148343197
train/l12_reg: 2.300102260377672
train/loss: 0.0011104575970981533
train/mse: 0.00025824559064619617
train/psnr: 35.935508689495045
train/tv_reg_l1: 1.4121932549910112
train/tv_reg_l2: 2.0956942144066395
