lpips: 0.15101727843284607
mse: 0.004942078143358231
psnr: 23.175080532087005
ssim: 0.8553953766822815
