iterations_per_sec: 48.97019184540335
train/distortion_loss: 0.007934634371500725
train/grad_norm: 0.10097320370300851
train/interlevel_loss: 0.0011646568662289417
train/iterations_per_sec: 48.97019184540335
train/l12_reg: 0.7317473009379223
train/loss: 0.005709358185266304
train/mse: 0.004407526875817866
train/psnr: 23.575279389969026
train/tv_reg_l1: 0.07465479658408598
train/tv_reg_l2: 0.012923979962413961
