lpips: 0.14158423244953156
mse: 0.003045755671337247
psnr: 25.309235957467145
ssim: 0.8682266473770142
