iterations_per_sec: 47.51856450468924
train/distortion_loss: 0.005485689479180358
train/grad_norm: 0.03215314760202109
train/interlevel_loss: 0.0006905908865684813
train/iterations_per_sec: 47.51856450468924
train/l12_reg: 0.8670920302169491
train/loss: 0.003604632764678411
train/mse: 0.0027889258914975206
train/psnr: 25.556065761681758
train/tv_reg_l1: 0.07123643430796536
train/tv_reg_l2: 0.011963029269768733
