lpips: 0.015025722794234753
mse: 0.0005378007772378623
psnr: 32.768267613144616
ssim: 0.9778297543525696
