lpips: 0.017975008115172386
mse: 0.0008127915789373219
psnr: 30.96427711081584
ssim: 0.9688988327980042
