iterations_per_sec: 38.72440523257027
train/distortion_loss: 0.006205804678940713
train/grad_norm: 0.01292576040188321
train/interlevel_loss: 0.0005347922795941357
train/iterations_per_sec: 38.72440523257027
train/l12_reg: 0.36255502791115735
train/loss: 0.0016555248552726374
train/mse: 0.0005714627470223779
train/psnr: 32.46084789314656
train/tv_reg_l1: 0.05984421089442089
train/tv_reg_l2: 0.018050900237126785
