lpips: 0.0958172008395195
mse: 0.0016620889073237777
psnr: 28.57161444485404
ssim: 0.8656284809112549
