lpips: 0.09920809417963028
mse: 0.0009777951054275036
psnr: 30.134571687821964
ssim: 0.8623071908950806
