iterations_per_sec: 21.91288869771932
train/distortion_loss: 0.010747197864934652
train/grad_norm: 0.0010842193386075322
train/interlevel_loss: 0.0005434667503442427
train/iterations_per_sec: 21.91288869771932
train/l12_reg: 2.4412168758084074
train/loss: 0.0015377424048222225
train/mse: 0.0009835284571351503
train/psnr: 30.093104237257833
train/tv_reg_l1: 1.6121649898663917
train/tv_reg_l2: 2.230701391143028
