lpips: 0.23059406876564026
mse: 0.010176586918532848
psnr: 19.983221334763734
ssim: 0.8035106062889099
