iterations_per_sec: 51.29463175516108
train/distortion_loss: 0.010360118735468748
train/grad_norm: 0.07327365344672492
train/interlevel_loss: 0.0006513990228995681
train/iterations_per_sec: 51.29463175516108
train/l12_reg: 1.0626093642880219
train/loss: 0.00971174400977113
train/mse: 0.008830505512617152
train/psnr: 20.551022905291934
train/tv_reg_l1: 0.11726090537779259
train/tv_reg_l2: 0.021947939400420044
