lpips: 0.017890987917780876
mse: 0.0006184290978126228
psnr: 32.33014318832989
ssim: 0.964739203453064
