lpips: 0.0236357394605875
mse: 0.0012029912322759628
psnr: 29.433650986688743
ssim: 0.9462024569511414
