iterations_per_sec: 54.80434384384168
train/distortion_loss: 0.006379307906209219
train/grad_norm: 0.0010092317760508093
train/interlevel_loss: 0.0001583544320175236
train/iterations_per_sec: 54.80434384384168
train/l12_reg: 0.3680317456072027
train/loss: 0.0013363038323763194
train/mse: 0.0006520464437816179
train/psnr: 31.89093905747539
train/tv_reg_l1: 0.04316243634681509
train/tv_reg_l2: 0.015149188698316463
