lpips: 0.07716695964336395
mse: 0.000951052235905081
psnr: 30.3461498629664
ssim: 0.8884596228599548
