lpips: 0.08417823165655136
mse: 0.0007322883466258645
psnr: 31.387101665117143
ssim: 0.8867931962013245
