iterations_per_sec: 35.402847123921134
train/distortion_loss: 0.011432369164369925
train/grad_norm: 0.021525389354939414
train/interlevel_loss: 0.00039139351039663937
train/iterations_per_sec: 35.402847123921134
train/l12_reg: 0.5827436103965297
train/loss: 0.0019911936216169233
train/mse: 0.0007608913918816005
train/psnr: 31.215172083690913
train/tv_reg_l1: 0.09238147103425229
train/tv_reg_l2: 0.02447327147379066
