lpips: 0.00863588321954012
mse: 0.00027744859107770026
psnr: 35.90073288505906
ssim: 0.9846935272216797
