lpips: 0.011020097881555557
mse: 0.000348374160239473
psnr: 34.786502265786496
ssim: 0.981411874294281
