iterations_per_sec: 36.62543726894439
train/distortion_loss: 0.0008894972658405701
train/grad_norm: 0.015102145163285913
train/interlevel_loss: 0.00010861941097913348
train/iterations_per_sec: 36.62543726894439
train/l12_reg: 0.3391944732930925
train/loss: 0.0008543541965385278
train/mse: 0.0002921448567484722
train/psnr: 35.372515668772685
train/tv_reg_l1: 0.03322895819490606
train/tv_reg_l2: 0.011350594677332074
