iterations_per_sec: 17.982805582846396
train/distortion_loss: 0.26644540660911137
train/grad_norm: 0.1396043203545339
train/interlevel_loss: 0.0010023875399539717
train/iterations_per_sec: 17.982805582846396
train/l12_reg: 2.6282061856202406
train/loss: 0.0036038971374356987
train/mse: 0.0023350641554729505
train/psnr: 26.326251193730517
train/tv_reg_l1: 1.8007476967994613
train/tv_reg_l2: 2.4167728424072266
