lpips: 0.01119125448167324
mse: 0.00027088000206276774
psnr: 35.77222798016158
ssim: 0.9755540490150452
