lpips: 0.015294267795979977
mse: 0.00046487763756886125
psnr: 33.73219520918899
ssim: 0.969891369342804
