iterations_per_sec: 31.017159191315773
train/distortion_loss: 0.003166854734334982
train/grad_norm: 0.022943213765481203
train/interlevel_loss: 0.0006806997957432435
train/iterations_per_sec: 31.017159191315773
train/l12_reg: 0.5462502662581626
train/loss: 0.0017942778408677892
train/mse: 0.00029235486161067255
train/psnr: 35.42169201012814
train/tv_reg_l1: 0.09029953550509733
train/tv_reg_l2: 0.02718060252943424
