lpips: 0.016780506819486618
mse: 0.0005990219651721418
psnr: 32.29028625227327
ssim: 0.975238025188446
