lpips: 0.019195154309272766
mse: 0.0008492624037899077
psnr: 30.765145965388015
ssim: 0.9668217301368713
