iterations_per_sec: 66.26749703481262
train/distortion_loss: 0.006227178978874828
train/grad_norm: 0.0008325697178011666
train/interlevel_loss: 0.00044783824558529737
train/iterations_per_sec: 66.26749703481262
train/l12_reg: 0.3855058066170625
train/loss: 0.001664205859979671
train/mse: 0.0006278400912626901
train/psnr: 32.04933958342581
train/tv_reg_l1: 0.06529032198166607
train/tv_reg_l2: 0.0196794518316635
