lpips: 0.011662785895168781
mse: 0.0001526281557744369
psnr: 38.237398340957675
ssim: 0.9813047051429749
