lpips: 0.014597567729651928
mse: 0.00026884590624831617
psnr: 36.54616980877918
ssim: 0.978445827960968
