iterations_per_sec: 15.479257468334998
train/distortion_loss: 0.0030760696872767774
train/grad_norm: 0.007300600228417251
train/interlevel_loss: 0.0001194652817723567
train/iterations_per_sec: 15.479257468334998
train/l12_reg: 2.046838729068486
train/loss: 0.00027665812898464875
train/mse: 0.0001541167777502025
train/psnr: 38.15746457649
train/tv_reg_l1: 1.2215943360569501
train/tv_reg_l2: 1.337623909266308
