lpips: 0.010780963115394115
mse: 0.0004783081531058997
psnr: 33.307947734272204
ssim: 0.9824171662330627
