lpips: 0.00991830974817276
mse: 0.0004266527248546481
psnr: 33.92405238716401
ssim: 0.9840824604034424
