iterations_per_sec: 60.68301981512217
train/distortion_loss: 0.0010070568391573474
train/grad_norm: 0.0006332170959642026
train/interlevel_loss: 8.215019940939554e-05
train/iterations_per_sec: 60.68301981512217
train/l12_reg: 0.28055129027125814
train/loss: 0.0009139841769332763
train/mse: 0.00045799741914232423
train/psnr: 33.44220240429194
train/tv_reg_l1: 0.02581686009135511
train/tv_reg_l2: 0.009227820521578042
