iterations_per_sec: 38.79075639094071
train/distortion_loss: 0.29142816771160474
train/grad_norm: 0.08122211649562373
train/interlevel_loss: 0.0024032276758754797
train/iterations_per_sec: 38.79075639094071
train/l12_reg: 0.9676462568417944
train/loss: 0.012261119163171812
train/mse: 0.00932877491971459
train/psnr: 20.305130081947404
train/tv_reg_l1: 0.11782620704234248
train/tv_reg_l2: 0.02376884903119068
