iterations_per_sec: 18.795027832340555
train/distortion_loss: 0.07139435982463335
train/grad_norm: 0.141620841742766
train/interlevel_loss: 0.0017400632419557584
train/iterations_per_sec: 18.795027832340555
train/l12_reg: 2.3719808381013197
train/loss: 0.004638399406703133
train/mse: 0.002826941799315991
train/psnr: 25.496198846836283
train/tv_reg_l1: 1.7168902604266851
train/tv_reg_l2: 2.425050725840559
