iterations_per_sec: 14.538762099819014
train/distortion_loss: 0.2943005104257603
train/grad_norm: 0.15148577726248538
train/interlevel_loss: 0.0016992017814908365
train/iterations_per_sec: 14.538762099819014
train/l12_reg: 2.293138831552833
train/loss: 0.006158132614059882
train/mse: 0.004164630307279753
train/psnr: 23.807748775289514
train/tv_reg_l1: 1.6933824137003735
train/tv_reg_l2: 2.186877778082183
