lpips: 0.1405458003282547
mse: 0.0029076198115944862
psnr: 25.379287104970864
ssim: 0.9160873293876648
