iterations_per_sec: 51.12599003395754
train/distortion_loss: 0.005560985366541027
train/grad_norm: 0.08207683291549635
train/interlevel_loss: 0.0008265238750321471
train/iterations_per_sec: 51.12599003395754
train/l12_reg: 0.5823062417483089
train/loss: 0.0037823705557696145
train/mse: 0.0027834617678602837
train/psnr: 25.579304820359354
train/tv_reg_l1: 0.0878258826154651
train/tv_reg_l2: 0.016682391704031914
