lpips: 0.016309309750795364
mse: 0.0002779900678433478
psnr: 36.39048678050203
ssim: 0.9780929088592529
