lpips: 0.013909716159105301
mse: 0.00016683457943145186
psnr: 37.84690316596012
ssim: 0.9802858829498291
