iterations_per_sec: 56.23910735863372
train/distortion_loss: 0.0029181687918613955
train/grad_norm: 0.009545425524596463
train/interlevel_loss: 7.48306627778073e-05
train/iterations_per_sec: 56.23910735863372
train/l12_reg: 0.3492357342532187
train/loss: 0.0006721162894561962
train/mse: 0.0001715741291080103
train/psnr: 37.689307973842425
train/tv_reg_l1: 0.031736555913783084
train/tv_reg_l2: 0.007355758633389316
