lpips: 0.014878866262733936
mse: 0.00026900236844085157
psnr: 36.53184915267545
ssim: 0.9782395362854004
