lpips: 0.01217075064778328
mse: 0.00015764408453833312
psnr: 38.099715762725076
ssim: 0.9807272553443909
