iterations_per_sec: 16.356387210660387
train/distortion_loss: 0.002948233109870643
train/grad_norm: 0.008020051913759247
train/interlevel_loss: 0.00010858204188131059
train/iterations_per_sec: 16.356387210660387
train/l12_reg: 1.937210551416031
train/loss: 0.00027183316162354644
train/mse: 0.0001603028862831192
train/psnr: 37.987880359996446
train/tv_reg_l1: 1.144523854207511
train/tv_reg_l2: 1.1459628921566587
