lpips: 0.08542680740356445
mse: 0.0008198533323593438
psnr: 30.89678046314682
ssim: 0.8775137066841125
