lpips: 0.08092384040355682
mse: 0.0011551810894161463
psnr: 29.670704506216634
ssim: 0.8799759149551392
