iterations_per_sec: 17.09935197877296
train/distortion_loss: 0.01200348162327451
train/grad_norm: 0.020417305353953683
train/interlevel_loss: 0.000553856939524224
train/iterations_per_sec: 17.09935197877296
train/l12_reg: 2.2386156838349622
train/loss: 0.001402227868881039
train/mse: 0.0008363674437119203
train/psnr: 30.803953979954574
train/tv_reg_l1: 1.4518310794926652
train/tv_reg_l2: 1.7141717347231777
