iterations_per_sec: 39.79258855906788
train/distortion_loss: 0.4236388880797107
train/grad_norm: 0.05106127977070182
train/interlevel_loss: 0.0027311125139922203
train/iterations_per_sec: 39.79258855906788
train/l12_reg: 0.8862249002312169
train/loss: 0.019819919904223597
train/mse: 0.016390805725346912
train/psnr: 17.855738052214036
train/tv_reg_l1: 0.13414854368176124
train/tv_reg_l2: 0.027436280133898813
