lpips: 0.23257876932621002
mse: 0.004922677297145128
psnr: 23.18921709753842
ssim: 0.7612096667289734
