iterations_per_sec: 46.565220747356406
train/distortion_loss: 0.018366466436271715
train/grad_norm: 0.088346328304121
train/interlevel_loss: 0.0005118952757758888
train/iterations_per_sec: 46.565220747356406
train/l12_reg: 0.985244622134199
train/loss: 0.004969355391545428
train/mse: 0.004243308153812482
train/psnr: 23.73903176278779
train/tv_reg_l1: 0.1101010006034013
train/tv_reg_l2: 0.019578548430493385
