lpips: 0.012633342295885086
mse: 0.000386589061236009
psnr: 34.33466028651239
ssim: 0.9789947271347046
