lpips: 0.009570222347974777
mse: 0.0003075558634009212
psnr: 35.443744733865046
ssim: 0.9825761914253235
