iterations_per_sec: 17.84336415390375
train/distortion_loss: 0.0009445936232099705
train/grad_norm: 0.013413356913422997
train/interlevel_loss: 0.00016884797566095274
train/iterations_per_sec: 17.84336415390375
train/l12_reg: 2.271004674410579
train/loss: 0.0004913547958807098
train/mse: 0.0003215622270333985
train/psnr: 34.96406458845042
train/tv_reg_l1: 1.377229499094414
train/tv_reg_l2: 1.6784527470367123
