lpips: 0.10536929219961166
mse: 0.003848469350486994
psnr: 24.26113282522712
ssim: 0.872558057308197
