iterations_per_sec: 52.61937454216284
train/distortion_loss: 0.0075945716228975795
train/grad_norm: 0.08752632453435599
train/interlevel_loss: 0.00036025579490774133
train/iterations_per_sec: 52.61937454216284
train/l12_reg: 0.6825873002861486
train/loss: 0.0036441746163134925
train/mse: 0.0031626041075496964
train/psnr: 25.016832139756943
train/tv_reg_l1: 0.06903952819229377
train/tv_reg_l2: 0.011372013139830094
