iterations_per_sec: 13.491232579845466
train/distortion_loss: 0.23795896046089404
train/grad_norm: 0.14468607863392494
train/interlevel_loss: 0.0024971499559328413
train/iterations_per_sec: 13.491232579845466
train/l12_reg: 2.168703975099506
train/loss: 0.004491924736272506
train/mse: 0.001756815808928675
train/psnr: 27.561326922792375
train/tv_reg_l1: 1.5142625859289458
train/tv_reg_l2: 1.8538187140166158
