lpips: 0.12782247364521027
mse: 0.002739042043685913
psnr: 25.64263289897929
ssim: 0.9213945269584656
