iterations_per_sec: 49.46616209077861
train/distortion_loss: 0.005054615993015092
train/grad_norm: 0.07182364000214471
train/interlevel_loss: 0.00039826195235505247
train/iterations_per_sec: 49.46616209077861
train/l12_reg: 0.8293024488169738
train/loss: 0.0032024062215115384
train/mse: 0.00262478587565699
train/psnr: 25.83998884335913
train/tv_reg_l1: 0.09430525895923075
train/tv_reg_l2: 0.017430381134453447
