iterations_per_sec: 39.974660530203856
train/distortion_loss: 0.09380432270994091
train/grad_norm: 0.2657528089152442
train/interlevel_loss: 0.0015179467448644868
train/iterations_per_sec: 39.974660530203856
train/l12_reg: 0.5275636803020131
train/loss: 0.0059513103903619325
train/mse: 0.0034434423015236556
train/psnr: 24.637844124225655
train/tv_reg_l1: 0.10041553782995301
train/tv_reg_l2: 0.036855326344569526
