iterations_per_sec: 22.2449951235214
train/distortion_loss: 0.10745186117863414
train/grad_norm: 0.3625177229293669
train/interlevel_loss: 0.0014754300890020048
train/iterations_per_sec: 22.2449951235214
train/l12_reg: 0.7420007387797037
train/loss: 0.007693670821761844
train/mse: 0.004801658118576414
train/psnr: 23.18980563770641
train/tv_reg_l1: 0.1734288786396836
train/tv_reg_l2: 0.05671298996818186
