lpips: 0.01403988990932703
mse: 0.00016666385636199266
psnr: 37.85080850952012
ssim: 0.9802024364471436
