lpips: 0.01627112366259098
mse: 0.0002726555394474417
psnr: 36.38786201579492
ssim: 0.9781495928764343
