iterations_per_sec: 50.500101505610274
train/distortion_loss: 0.0030333483144829067
train/grad_norm: 0.008754965933886442
train/interlevel_loss: 8.717346439641346e-05
train/iterations_per_sec: 50.500101505610274
train/l12_reg: 0.3540921039653547
train/loss: 0.0006915181798794579
train/mse: 0.0001718831130108241
train/psnr: 37.67835324219983
train/tv_reg_l1: 0.03310552732360483
train/tv_reg_l2: 0.007533614020418338
