lpips: 0.1064152717590332
mse: 0.003932061605155468
psnr: 24.165420078620663
ssim: 0.8727383613586426
