iterations_per_sec: 47.627247099767374
train/distortion_loss: 0.00665689247538044
train/grad_norm: 0.06373194407558802
train/interlevel_loss: 0.00030971615812788256
train/iterations_per_sec: 47.627247099767374
train/l12_reg: 0.6921802668860464
train/loss: 0.0036516981599193934
train/mse: 0.0032235300497650498
train/psnr: 24.933827852961993
train/tv_reg_l1: 0.06824602525342595
train/tv_reg_l2: 0.011179507794705305
