lpips: 0.2417256236076355
mse: 0.010570463724434376
psnr: 19.82195996314835
ssim: 0.7990258932113647
