iterations_per_sec: 47.197734183858806
train/distortion_loss: 0.014087257568131794
train/grad_norm: 0.07495287376822847
train/interlevel_loss: 0.001185037475549663
train/iterations_per_sec: 47.197734183858806
train/l12_reg: 0.8617681343146045
train/loss: 0.01056935391718089
train/mse: 0.009180920828848776
train/psnr: 20.38246815614026
train/tv_reg_l1: 0.10026862517450795
train/tv_reg_l2: 0.01893084372083346
