lpips: 0.013719682581722736
mse: 0.0002372420422034338
psnr: 36.85010552592323
ssim: 0.9800625443458557
