lpips: 0.011773557402193546
mse: 0.00015036755939945579
psnr: 38.307530470124696
ssim: 0.982154369354248
