iterations_per_sec: 38.784119156553906
train/distortion_loss: 0.0025401486629488493
train/grad_norm: 0.008239659579527197
train/interlevel_loss: 9.627766334545808e-05
train/iterations_per_sec: 38.784119156553906
train/l12_reg: 0.3361952136261295
train/loss: 0.0006623591891386443
train/mse: 0.0001555973768435334
train/psnr: 38.11781553788619
train/tv_reg_l1: 0.028861189411595614
train/tv_reg_l2: 0.007174876236328573
