iterations_per_sec: 19.014780903288102
train/distortion_loss: 0.09490117242540975
train/grad_norm: 0.3334510452819593
train/interlevel_loss: 0.001785869910052479
train/iterations_per_sec: 19.014780903288102
train/l12_reg: 0.5453334221936236
train/loss: 0.00594826132962198
train/mse: 0.0031351429443204344
train/psnr: 25.044952026521315
train/tv_reg_l1: 0.10679099219616013
train/tv_reg_l2: 0.03870138721634643
