lpips: 0.007229264359921217
mse: 0.00034597411286085844
psnr: 34.85498225926573
ssim: 0.9873148202896118
