lpips: 0.00861298106610775
mse: 0.0004260762652847916
psnr: 33.842889698112565
ssim: 0.9851091504096985
