iterations_per_sec: 41.20750140662876
train/distortion_loss: 0.0012552084923354964
train/grad_norm: 0.03338080686940388
train/interlevel_loss: 9.521951619947254e-05
train/iterations_per_sec: 41.20750140662876
train/l12_reg: 0.27650588901356016
train/loss: 0.0008461969426005251
train/mse: 0.00038016383151636654
train/psnr: 34.254758430249765
train/tv_reg_l1: 0.02638636947129712
train/tv_reg_l2: 0.009305250830948353
