iterations_per_sec: 37.688765075197466
train/distortion_loss: 0.05008260585894488
train/grad_norm: 0.01579954604985136
train/interlevel_loss: 0.00035023952733179685
train/iterations_per_sec: 37.688765075197466
train/l12_reg: 0.5810962891337847
train/loss: 0.028294463199798506
train/mse: 0.02782017035842544
train/psnr: 15.557471333128033
train/tv_reg_l1: 0.04207619855349714
train/tv_reg_l2: 0.007397062399170615
