iterations_per_sec: 51.15627298279027
train/distortion_loss: 0.2591352659945536
train/grad_norm: 0.15646362477781797
train/interlevel_loss: 0.0007882489554696914
train/iterations_per_sec: 51.15627298279027
train/l12_reg: 0.8293008647783838
train/loss: 0.007151958010526318
train/mse: 0.0047893891807156376
train/psnr: 23.201749165852863
train/tv_reg_l1: 0.17724035334105442
train/tv_reg_l2: 0.048588376567520276
