iterations_per_sec: 48.02430826870364
train/distortion_loss: 0.2562304426624317
train/grad_norm: 0.1754230920865078
train/interlevel_loss: 0.0008839450016937623
train/iterations_per_sec: 48.02430826870364
train/l12_reg: 0.8779931893252363
train/loss: 0.0074086037483254465
train/mse: 0.004869889270401362
train/psnr: 23.12908656187732
train/tv_reg_l1: 0.19713496770521607
train/tv_reg_l2: 0.052054585493875274
