iterations_per_sec: 13.856324668072691
train/distortion_loss: 0.2325747696438221
train/grad_norm: 0.15421237314891334
train/interlevel_loss: 0.002462719442473367
train/iterations_per_sec: 13.856324668072691
train/l12_reg: 2.222417111348624
train/loss: 0.004566032161954978
train/mse: 0.0018707379390664324
train/psnr: 27.287675009833443
train/tv_reg_l1: 1.541625303451461
train/tv_reg_l2: 1.8934052387873332
