lpips: 0.007959563285112381
mse: 0.00036920543061569333
psnr: 34.558768978798454
ssim: 0.9864493012428284
