lpips: 0.009485315531492233
mse: 0.0004639210528694093
psnr: 33.516235657881516
ssim: 0.9840303063392639
