iterations_per_sec: 40.798447770312116
train/distortion_loss: 0.0011415599611343233
train/grad_norm: 0.03256615877828815
train/interlevel_loss: 9.223822203836394e-05
train/iterations_per_sec: 40.798447770312116
train/l12_reg: 0.28236785862180924
train/loss: 0.0008746755228264991
train/mse: 0.000402583969366558
train/psnr: 34.00779882103506
train/tv_reg_l1: 0.027014777214840205
train/tv_reg_l2: 0.009634390266405212
