lpips: 0.13651390373706818
mse: 0.0029359771870076656
psnr: 25.480198240672525
ssim: 0.8697122931480408
