iterations_per_sec: 51.85906670971301
train/distortion_loss: 0.0060519488537778155
train/grad_norm: 0.027697721468002506
train/interlevel_loss: 0.0007330052310017624
train/iterations_per_sec: 51.85906670971301
train/l12_reg: 0.8834951929371766
train/loss: 0.003542694543027366
train/mse: 0.0026835994559782322
train/psnr: 25.724683954258158
train/tv_reg_l1: 0.07284780599252143
train/tv_reg_l2: 0.012003790944664165
