lpips: 0.01089246291667223
mse: 0.000332482042722404
psnr: 35.14377867138068
ssim: 0.9812616109848022
