lpips: 0.014002802781760693
mse: 0.0004113613103982061
psnr: 34.08492834777425
ssim: 0.9775039553642273
