iterations_per_sec: 34.29338742076048
train/distortion_loss: 0.0010093211771384108
train/grad_norm: 0.01704342993484302
train/interlevel_loss: 0.00015560768569956035
train/iterations_per_sec: 34.29338742076048
train/l12_reg: 0.41751582002398946
train/loss: 0.0010715416324503645
train/mse: 0.00034737600939056714
train/psnr: 34.62389863139451
train/tv_reg_l1: 0.049517793863108665
train/tv_reg_l2: 0.01500327799544491
