lpips: 0.09553425759077072
mse: 0.0008721391786821187
psnr: 30.62795789198546
ssim: 0.8741079568862915
