lpips: 0.08726344257593155
mse: 0.0010835151188075542
psnr: 29.753219747467284
ssim: 0.8796505928039551
