iterations_per_sec: 54.7840055646609
train/distortion_loss: 0.010240981750416033
train/grad_norm: 0.02407214440631144
train/interlevel_loss: 0.00029354813556313854
train/iterations_per_sec: 54.7840055646609
train/l12_reg: 0.5359246995713975
train/loss: 0.0019420962204516987
train/mse: 0.0008831882450701387
train/psnr: 30.56393288121079
train/tv_reg_l1: 0.07774639137164512
train/tv_reg_l2: 0.021919416395401715
