lpips: 0.23210939764976501
mse: 0.01015443354845047
psnr: 19.996066148978347
ssim: 0.8014735579490662
