iterations_per_sec: 50.45732685305396
train/distortion_loss: 0.013276213262644079
train/grad_norm: 0.07226179487476445
train/interlevel_loss: 0.0012013994526550776
train/iterations_per_sec: 50.45732685305396
train/l12_reg: 0.8618947821434098
train/loss: 0.010205920550483043
train/mse: 0.00879647797255805
train/psnr: 20.567370482165405
train/tv_reg_l1: 0.10307380700051183
train/tv_reg_l2: 0.019476690226131015
