iterations_per_sec: 10.57076874177038
train/distortion_loss: 0.06364271089886174
train/grad_norm: 0.10990082043589967
train/interlevel_loss: 0.0010125565170921913
train/iterations_per_sec: 10.57076874177038
train/l12_reg: 1.9053161830613108
train/loss: 0.002014433896884021
train/mse: 0.0009382346508591765
train/psnr: 30.28128019005361
train/tv_reg_l1: 1.337157377088913
train/tv_reg_l2: 1.7474134173056093
