lpips: 0.011161433532834053
mse: 0.00036848464515060186
psnr: 34.5539675976222
ssim: 0.9802955389022827
