lpips: 0.008799015544354916
mse: 0.0002924039145000279
psnr: 35.65741582061145
ssim: 0.9836471676826477
