iterations_per_sec: 16.16017667848975
train/distortion_loss: 0.0009913007685246717
train/grad_norm: 0.012442987835542723
train/interlevel_loss: 0.00013090621484819836
train/iterations_per_sec: 16.16017667848975
train/l12_reg: 2.3739991236214686
train/loss: 0.000438392079421178
train/mse: 0.0003064945651773326
train/psnr: 35.172034331042354
train/tv_reg_l1: 1.2583139677240391
train/tv_reg_l2: 1.4851369195514255
