iterations_per_sec: 39.558262123244305
train/distortion_loss: 0.186537036088982
train/grad_norm: 0.014201595476179413
train/interlevel_loss: 0.0012475358653870044
train/iterations_per_sec: 39.558262123244305
train/l12_reg: 0.9817188942071163
train/loss: 0.007456089896761408
train/mse: 0.0059034635096487376
train/psnr: 22.29137542031028
train/tv_reg_l1: 0.0687315764300751
train/tv_reg_l2: 0.011855344306865726
