iterations_per_sec: 41.511672473153475
train/distortion_loss: 0.6210481295681963
train/grad_norm: 0.04607153070544956
train/interlevel_loss: 0.0015364434838182096
train/iterations_per_sec: 41.511672473153475
train/l12_reg: 0.9601384202639262
train/loss: 0.008457501432999517
train/mse: 0.006094976516459325
train/psnr: 22.15582073096073
train/tv_reg_l1: 0.1241713904521682
train/tv_reg_l2: 0.020503326497896754
