lpips: 0.008553294464945793
mse: 0.0004325050103943795
psnr: 33.821641128534935
ssim: 0.9852044582366943
