lpips: 0.007192890625447035
mse: 0.00034092317218892276
psnr: 34.909865357961124
ssim: 0.9875171780586243
