iterations_per_sec: 38.778841841496906
train/distortion_loss: 0.0009758340564057833
train/grad_norm: 0.0335486994849311
train/interlevel_loss: 7.261078324959134e-05
train/iterations_per_sec: 38.778841841496906
train/l12_reg: 0.2566446908796676
train/loss: 0.0007816218051382086
train/mse: 0.00037131189207565226
train/psnr: 34.35837057865027
train/tv_reg_l1: 0.02262084579302205
train/tv_reg_l2: 0.008007859472524036
