lpips: 0.08050403743982315
mse: 0.0006978006567806005
psnr: 31.60856610573915
ssim: 0.8893054723739624
