lpips: 0.07332876324653625
mse: 0.0009087706566788256
psnr: 30.565952538320403
ssim: 0.8918405771255493
