iterations_per_sec: 35.76084097286919
train/distortion_loss: 0.011477561216011192
train/grad_norm: 0.02190802304657421
train/interlevel_loss: 0.000342349601483838
train/iterations_per_sec: 35.76084097286919
train/l12_reg: 0.5162563504594745
train/loss: 0.0018165333836217118
train/mse: 0.0007289200292128806
train/psnr: 31.40081981697468
train/tv_reg_l1: 0.07604825353682643
train/tv_reg_l2: 0.02175298137496216
