lpips: 0.12998810410499573
mse: 0.005325964652001858
psnr: 22.792140301196813
ssim: 0.8741224408149719
