iterations_per_sec: 51.43070976883773
train/distortion_loss: 0.011830773797224869
train/grad_norm: 0.035006488400577296
train/interlevel_loss: 0.0003332942021620281
train/iterations_per_sec: 51.43070976883773
train/l12_reg: 0.7495885557598538
train/loss: 0.005012605461583595
train/mse: 0.004510470816508086
train/psnr: 23.466113215745096
train/tv_reg_l1: 0.09339502220503007
train/tv_reg_l2: 0.015700968283444944
