lpips: 0.020844031125307083
mse: 0.0007324799662455916
psnr: 31.5945119301477
ssim: 0.9599876999855042
