lpips: 0.026168156415224075
mse: 0.0013310451759025455
psnr: 28.977951076594223
ssim: 0.9416548013687134
