iterations_per_sec: 54.975391992952176
train/distortion_loss: 0.006519091569564559
train/grad_norm: 0.03400256072707249
train/interlevel_loss: 0.00016014127050775734
train/iterations_per_sec: 54.975391992952176
train/l12_reg: 0.40473672326165017
train/loss: 0.001508040721716378
train/mse: 0.000767313101507648
train/psnr: 31.181278036098288
train/tv_reg_l1: 0.05094069581140171
train/tv_reg_l2: 0.016933051662312612
