iterations_per_sec: 40.60164076474085
train/distortion_loss: 0.14177935021092195
train/grad_norm: 0.014958732215819335
train/interlevel_loss: 0.0013499365580936123
train/iterations_per_sec: 40.60164076474085
train/l12_reg: 0.5713946626643942
train/loss: 0.007976263253526255
train/mse: 0.006392362104220824
train/psnr: 21.94557139849422
train/tv_reg_l1: 0.04951289732648869
train/tv_reg_l2: 0.009218522667358018
