lpips: 0.2933183014392853
mse: 0.00640315655618906
psnr: 22.142052662990455
ssim: 0.7372735738754272
