iterations_per_sec: 48.62382720032328
train/distortion_loss: 0.03222090741525395
train/grad_norm: 0.08890457530364845
train/interlevel_loss: 0.0014062021503864666
train/iterations_per_sec: 48.62382720032328
train/l12_reg: 0.9402126549470304
train/loss: 0.006835398377116882
train/mse: 0.0052010096995291685
train/psnr: 22.853244222775853
train/tv_reg_l1: 0.10347149995240298
train/tv_reg_l2: 0.01959656271142791
