iterations_per_sec: 41.413802094702554
train/distortion_loss: 0.4918948577509986
train/grad_norm: 0.0661615939302878
train/interlevel_loss: 0.0010909661438993433
train/iterations_per_sec: 41.413802094702554
train/l12_reg: 0.7892683142363422
train/loss: 0.019074383088284068
train/mse: 0.017206979934314286
train/psnr: 17.64487725074845
train/tv_reg_l1: 0.12862116354282457
train/tv_reg_l2: 0.02845421087260198
