lpips: 0.12999194860458374
mse: 0.005349378567188978
psnr: 22.766984731357226
ssim: 0.8752765655517578
