iterations_per_sec: 49.221251848152335
train/distortion_loss: 0.011820168055669225
train/grad_norm: 0.03558672915654953
train/interlevel_loss: 0.0004081513004781998
train/iterations_per_sec: 49.221251848152335
train/l12_reg: 0.7486694768221691
train/loss: 0.005127478405043032
train/mse: 0.004534350186021942
train/psnr: 23.445084966794408
train/tv_reg_l1: 0.10264697889185916
train/tv_reg_l2: 0.01731567777166463
