lpips: 0.013309781439602375
mse: 0.0004000683838967234
psnr: 34.18911487646521
ssim: 0.9785505533218384
