lpips: 0.01045416109263897
mse: 0.0003238817735109478
psnr: 35.2345228238099
ssim: 0.9821712374687195
