iterations_per_sec: 31.389776976955943
train/distortion_loss: 0.0010138440811348081
train/grad_norm: 0.015719689151290992
train/interlevel_loss: 0.00015150628689408416
train/iterations_per_sec: 31.389776976955943
train/l12_reg: 0.41660876195840163
train/loss: 0.0010558678098305156
train/mse: 0.00033728017017828544
train/psnr: 34.754555287987294
train/tv_reg_l1: 0.050417239203898595
train/tv_reg_l2: 0.014945874348132297
