lpips: 0.03937902674078941
mse: 0.0024327109567821026
psnr: 26.628320498854624
ssim: 0.9262442588806152
