lpips: 0.023270538076758385
mse: 0.0006797903915867209
psnr: 31.87076257310848
ssim: 0.9591285586357117
