iterations_per_sec: 16.234576857541583
train/distortion_loss: 0.015240488592723403
train/grad_norm: 0.02671551423128506
train/interlevel_loss: 0.0004414227180244081
train/iterations_per_sec: 16.234576857541583
train/l12_reg: 2.523082145536789
train/loss: 0.0011622889868143683
train/mse: 0.0007056257883886421
train/psnr: 31.545163433961193
train/tv_reg_l1: 1.8913952834678418
train/tv_reg_l2: 2.5610254051709416
