lpips: 0.18133831024169922
mse: 0.005361754912883043
psnr: 22.79654292456265
ssim: 0.8021829128265381
