iterations_per_sec: 31.16393710637243
train/distortion_loss: 0.015740433077544275
train/grad_norm: 0.059597849864700826
train/interlevel_loss: 0.0011442470637084258
train/iterations_per_sec: 31.16393710637243
train/l12_reg: 0.979568787295409
train/loss: 0.006081863701569311
train/mse: 0.004759311299733442
train/psnr: 23.235686812737974
train/tv_reg_l1: 0.09766565165435424
train/tv_reg_l2: 0.016256490703484023
