lpips: 0.15259326994419098
mse: 0.0032238909043371677
psnr: 25.067095607013112
ssim: 0.8602478504180908
