iterations_per_sec: 50.7332549653364
train/distortion_loss: 0.0072163206553368855
train/grad_norm: 0.02973380650045595
train/interlevel_loss: 0.0008617346915839748
train/iterations_per_sec: 50.7332549653364
train/l12_reg: 0.8964457770790717
train/loss: 0.003922886459740123
train/mse: 0.0029328442061075355
train/psnr: 25.338127772013348
train/tv_reg_l1: 0.07450662289906029
train/tv_reg_l2: 0.012109124515619542
