lpips: 0.012199260294437408
mse: 0.00044015340972691774
psnr: 33.634733202741614
ssim: 0.9811376333236694
