lpips: 0.014435992576181889
mse: 0.0006718874210491776
psnr: 31.805159670401167
ssim: 0.9735813140869141
