iterations_per_sec: 36.271617451339765
train/distortion_loss: 0.005606235023776088
train/grad_norm: 0.013434354648596108
train/interlevel_loss: 0.00029830586352159804
train/iterations_per_sec: 36.271617451339765
train/l12_reg: 0.399867111083233
train/loss: 0.001369336445938156
train/mse: 0.00046409272343023785
train/psnr: 33.36010599618006
train/tv_reg_l1: 0.06752717577748829
train/tv_reg_l2: 0.02014645106262631
