lpips: 0.0930759608745575
mse: 0.0008451722096651793
psnr: 30.76900664012107
ssim: 0.8757746815681458
