lpips: 0.08581221848726273
mse: 0.0010962996166199446
psnr: 29.74095195219534
ssim: 0.8804168701171875
