iterations_per_sec: 34.464711795849006
train/distortion_loss: 0.010945395162009229
train/grad_norm: 0.023919525810263374
train/interlevel_loss: 0.00038548436890723127
train/iterations_per_sec: 34.464711795849006
train/l12_reg: 0.6309126784103085
train/loss: 0.002155137892737232
train/mse: 0.000865038072765626
train/psnr: 30.652455031269728
train/tv_reg_l1: 0.10277321370262088
train/tv_reg_l2: 0.026275735743569607
