lpips: 0.04291648790240288
mse: 0.002554075326770544
psnr: 26.471189885811373
ssim: 0.9226164817810059
