lpips: 0.024863095954060555
mse: 0.0007047858671285212
psnr: 31.72682215522358
ssim: 0.9574283361434937
