iterations_per_sec: 17.675548253846806
train/distortion_loss: 0.016608523223737275
train/grad_norm: 0.032206953061048434
train/interlevel_loss: 0.0005149220182875529
train/iterations_per_sec: 17.675548253846806
train/l12_reg: 2.4402852612312396
train/loss: 0.001260410411038784
train/mse: 0.000728879875334149
train/psnr: 31.40349041331898
train/tv_reg_l1: 1.9125586386882898
train/tv_reg_l2: 2.6083417203691273
