iterations_per_sec: 50.974408302366854
train/distortion_loss: 0.2413911736673779
train/grad_norm: 0.14438981878938098
train/interlevel_loss: 0.0020464647436665012
train/iterations_per_sec: 50.974408302366854
train/l12_reg: 0.7494081662158774
train/loss: 0.006158074848542009
train/mse: 0.0025468786397591383
train/psnr: 25.94681502833511
train/tv_reg_l1: 0.16274742149945462
train/tv_reg_l2: 0.05739320656566909
