iterations_per_sec: 19.58084140492089
train/distortion_loss: 0.06016620639899765
train/grad_norm: 0.10334613407501067
train/interlevel_loss: 0.0004812780805308409
train/iterations_per_sec: 19.58084140492089
train/l12_reg: 0.45418003382104816
train/loss: 0.002147141902829812
train/mse: 0.0009318983536260672
train/psnr: 30.31179576449924
train/tv_reg_l1: 0.07635072573567882
train/tv_reg_l2: 0.021961918345304452
