lpips: 0.15195704996585846
mse: 0.0033459013793617487
psnr: 24.885234844488064
ssim: 0.8600907325744629
