iterations_per_sec: 50.53079208652031
train/distortion_loss: 0.007231534044775698
train/grad_norm: 0.02999832145305294
train/interlevel_loss: 0.000947958125963318
train/iterations_per_sec: 50.53079208652031
train/l12_reg: 0.8779704661080332
train/loss: 0.004114547927835674
train/mse: 0.003034056406562226
train/psnr: 25.190864351060654
train/tv_reg_l1: 0.07858701358840924
train/tv_reg_l2: 0.012530183984023151
