lpips: 0.020719794556498528
mse: 0.0010747169144451618
psnr: 29.862463959484053
ssim: 0.9656965136528015
