lpips: 0.015153521671891212
mse: 0.00048780147335492074
psnr: 33.17712660470123
ssim: 0.9785467386245728
