iterations_per_sec: 15.958892760861334
train/distortion_loss: 0.016265875255369176
train/grad_norm: 0.014808076433837414
train/interlevel_loss: 0.0006214580769095607
train/iterations_per_sec: 15.958892760861334
train/l12_reg: 2.4706050097340286
train/loss: 0.0011437709991246312
train/mse: 0.0005060470491915828
train/psnr: 32.98631080473312
train/tv_reg_l1: 1.9971791445606886
train/tv_reg_l2: 2.8122028582023852
