lpips: 0.12306848168373108
mse: 0.002636556513607502
psnr: 25.81435811415183
ssim: 0.9237783551216125
