iterations_per_sec: 51.97606627075549
train/distortion_loss: 0.0038314479699527674
train/grad_norm: 0.06820821626619859
train/interlevel_loss: 0.000358854539838215
train/iterations_per_sec: 51.97606627075549
train/l12_reg: 0.883837514453464
train/loss: 0.003029362227993481
train/mse: 0.002494792137624263
train/psnr: 26.062422569351966
train/tv_reg_l1: 0.0923254888768148
train/tv_reg_l2: 0.017188410208833337
