lpips: 0.00928531214594841
mse: 0.0002243433555122465
psnr: 36.5730158773116
ssim: 0.9786603450775146
