lpips: 0.013005401007831097
mse: 0.0004093139723408967
psnr: 34.339927770434244
ssim: 0.972971498966217
