iterations_per_sec: 39.04514952046344
train/distortion_loss: 0.003301681950688362
train/grad_norm: 0.016565155896424044
train/interlevel_loss: 0.00046507955024329323
train/iterations_per_sec: 39.04514952046344
train/l12_reg: 0.46867702585278137
train/loss: 0.0013976121036749748
train/mse: 0.00024282856655631667
train/psnr: 36.208282547767716
train/tv_reg_l1: 0.06678381690172235
train/tv_reg_l2: 0.021772526637321772
