lpips: 0.016362499445676804
mse: 0.0005907078157179058
psnr: 32.35586379708601
ssim: 0.9758028984069824
