lpips: 0.01849442906677723
mse: 0.0008237716392613947
psnr: 30.899833744173534
ssim: 0.968049168586731
