iterations_per_sec: 56.046929151798054
train/distortion_loss: 0.004580039780285925
train/grad_norm: 0.01594978372444107
train/interlevel_loss: 0.00044772212188973117
train/iterations_per_sec: 56.046929151798054
train/l12_reg: 0.37681095557983474
train/loss: 0.0016325293402799001
train/mse: 0.0006247213400778069
train/psnr: 32.07232026379518
train/tv_reg_l1: 0.055469047993120524
train/tv_reg_l2: 0.017869487611783877
