iterations_per_sec: 43.551934285398474
train/distortion_loss: 0.3178196850449148
train/grad_norm: 0.17378245143577306
train/interlevel_loss: 0.0014061037570971882
train/iterations_per_sec: 43.551934285398474
train/l12_reg: 0.894162426693271
train/loss: 0.007476270180007424
train/mse: 0.004036341344636649
train/psnr: 23.94358952840169
train/tv_reg_l1: 0.2509805710628779
train/tv_reg_l2: 0.08218430471841735
