lpips: 0.01489016693085432
mse: 0.0004764559562318027
psnr: 33.28261115938773
ssim: 0.9787725806236267
