lpips: 0.020844977349042892
mse: 0.0010499670170247555
psnr: 29.994100372804514
ssim: 0.9659429788589478
