iterations_per_sec: 14.99132504522724
train/distortion_loss: 0.016286427220988154
train/grad_norm: 0.014607426818610743
train/interlevel_loss: 0.0006428587649045794
train/iterations_per_sec: 14.99132504522724
train/l12_reg: 2.4411359363132052
train/loss: 0.0011615575375882063
train/mse: 0.0005024123455943408
train/psnr: 33.022214696864886
train/tv_reg_l1: 1.9510241542199644
train/tv_reg_l2: 2.688779676803435
