iterations_per_sec: 15.421046912875651
train/distortion_loss: 0.28880546159214443
train/grad_norm: 0.16539285610420534
train/interlevel_loss: 0.001733427138227706
train/iterations_per_sec: 15.421046912875651
train/l12_reg: 2.356366889645355
train/loss: 0.006148125336627767
train/mse: 0.004125892744409014
train/psnr: 23.848448069408686
train/tv_reg_l1: 1.646866136127048
train/tv_reg_l2: 2.1032933225535384
