iterations_per_sec: 36.29264850170051
train/distortion_loss: 0.059321210277501986
train/grad_norm: 0.018351103611892523
train/interlevel_loss: 0.0002831138556968948
train/iterations_per_sec: 36.29264850170051
train/l12_reg: 0.6573492035721288
train/loss: 0.028148393457134564
train/mse: 0.027735592665696383
train/psnr: 15.5706782678161
train/tv_reg_l1: 0.039448817834408595
train/tv_reg_l2: 0.007036572896094636
