iterations_per_sec: 41.18714558123028
train/distortion_loss: 0.43435784903439606
train/grad_norm: 0.06554671226426809
train/interlevel_loss: 0.0022308113608471673
train/iterations_per_sec: 41.18714558123028
train/l12_reg: 0.7952300430548311
train/loss: 0.023238662254027646
train/mse: 0.02028980834240263
train/psnr: 16.928832468360362
train/tv_reg_l1: 0.12481484908347178
train/tv_reg_l2: 0.02836846981686775
