iterations_per_sec: 14.414055957241358
train/distortion_loss: 0.2858036178531069
train/grad_norm: 0.203567952820749
train/interlevel_loss: 0.0033254993449181617
train/iterations_per_sec: 14.414055957241358
train/l12_reg: 2.427331714919119
train/loss: 0.009295470137713533
train/mse: 0.0056841671419790895
train/psnr: 22.458614965881964
train/tv_reg_l1: 1.768741735304245
train/tv_reg_l2: 2.315500117311574
