lpips: 0.007764889393001795
mse: 0.0003610333660617471
psnr: 34.65303629435138
ssim: 0.9865648746490479
