lpips: 0.009027297608554363
mse: 0.00043221592204645276
psnr: 33.775817197211694
ssim: 0.9844916462898254
