iterations_per_sec: 41.17601489187372
train/distortion_loss: 0.0013964627316748403
train/grad_norm: 0.03297501695201253
train/interlevel_loss: 0.00017205933185360123
train/iterations_per_sec: 41.17601489187372
train/l12_reg: 0.2629112188864236
train/loss: 0.000910212242895869
train/mse: 0.00038254848708436267
train/psnr: 34.21838976156832
train/tv_reg_l1: 0.023247026716067334
train/tv_reg_l2: 0.009129673270790867
