lpips: 0.14177340269088745
mse: 0.004410352557897568
psnr: 23.67679689262837
ssim: 0.8564750552177429
