iterations_per_sec: 50.71185799709414
train/distortion_loss: 0.01130065725495418
train/grad_norm: 0.080083597752482
train/interlevel_loss: 0.0012719990306938387
train/iterations_per_sec: 50.71185799709414
train/l12_reg: 0.7187246800673128
train/loss: 0.005220849415042785
train/mse: 0.003828185043683407
train/psnr: 24.182554977108733
train/tv_reg_l1: 0.07180281743557766
train/tv_reg_l2: 0.010936470485922663
