lpips: 0.04387052357196808
mse: 0.0016208681045100093
psnr: 27.977378931035624
ssim: 0.9452049732208252
