lpips: 0.05267367511987686
mse: 0.003276689676567912
psnr: 25.073010436876373
ssim: 0.9287635684013367
