iterations_per_sec: 50.45809990482826
train/distortion_loss: 0.009184228585600251
train/grad_norm: 0.041147931356622716
train/interlevel_loss: 0.0004421573713177232
train/iterations_per_sec: 50.45809990482826
train/l12_reg: 0.516581224672722
train/loss: 0.002992039170078557
train/mse: 0.00171186960292886
train/psnr: 27.689125427091966
train/tv_reg_l1: 0.09831247689447017
train/tv_reg_l2: 0.03122467380205188
