iterations_per_sec: 11.304058206940491
train/distortion_loss: 0.08468231220136989
train/grad_norm: 0.08381323689463163
train/interlevel_loss: 0.002017800431613895
train/iterations_per_sec: 11.304058206940491
train/l12_reg: 2.158212560595888
train/loss: 0.004884211972092438
train/mse: 0.0027817292138934135
train/psnr: 25.56034768229783
train/tv_reg_l1: 1.554308497544491
train/tv_reg_l2: 2.1049392632763797
