lpips: 0.013488559983670712
mse: 0.00040259744855575264
psnr: 34.17127740447722
ssim: 0.9782415628433228
