lpips: 0.010533195920288563
mse: 0.00032534534693695605
psnr: 35.218250055063095
ssim: 0.9818809628486633
