iterations_per_sec: 55.78178026022043
train/distortion_loss: 0.00101840116713911
train/grad_norm: 0.018175380450268886
train/interlevel_loss: 0.00011538536129977949
train/iterations_per_sec: 55.78178026022043
train/l12_reg: 0.36233220828904045
train/loss: 0.0009423106040974909
train/mse: 0.0003392175945331051
train/psnr: 34.727924924908265
train/tv_reg_l1: 0.03743203093457704
train/tv_reg_l2: 0.012435702475333455
