lpips: 0.13221940398216248
mse: 0.0052691493183374405
psnr: 22.83719252003245
ssim: 0.8749433755874634
