iterations_per_sec: 48.482738257132354
train/distortion_loss: 0.01074449351113854
train/grad_norm: 0.03446879693203502
train/interlevel_loss: 0.000418243741303814
train/iterations_per_sec: 48.482738257132354
train/l12_reg: 0.6858206078259632
train/loss: 0.0051132143202303635
train/mse: 0.004523232242920333
train/psnr: 23.455831932299066
train/tv_reg_l1: 0.09092847220223359
train/tv_reg_l2: 0.01609938715895017
