lpips: 0.00869548600167036
mse: 0.00027902270085178316
psnr: 35.86955615615273
ssim: 0.9845643639564514
