lpips: 0.011153023689985275
mse: 0.0003488718648441136
psnr: 34.770382514175616
ssim: 0.9813192486763
