iterations_per_sec: 38.55797535244981
train/distortion_loss: 0.0009296208013300643
train/grad_norm: 0.013924289852230235
train/interlevel_loss: 0.0001431515304673924
train/iterations_per_sec: 38.55797535244981
train/l12_reg: 0.38947575110377686
train/loss: 0.0009597636867465094
train/mse: 0.00029368855801735526
train/psnr: 35.35492556022875
train/tv_reg_l1: 0.04329762284201805
train/tv_reg_l2: 0.013251821247089391
