lpips: 0.017983008176088333
mse: 0.0002911849005613476
psnr: 36.09158332666289
ssim: 0.9771955013275146
