lpips: 0.01496470719575882
mse: 0.0001734887046040967
psnr: 37.6650776808327
ssim: 0.9796180725097656
