iterations_per_sec: 42.82796238414861
train/distortion_loss: 0.002987397178499536
train/grad_norm: 0.0004534273034413204
train/interlevel_loss: 9.558342799668982e-05
train/iterations_per_sec: 42.82796238414861
train/l12_reg: 0.41098016952023364
train/loss: 0.0007786765668748154
train/mse: 0.00017797352969258404
train/psnr: 37.528052474513196
train/tv_reg_l1: 0.0420210182365745
train/tv_reg_l2: 0.009115201543376904
