lpips: 0.022645846009254456
mse: 0.0012079436564818025
psnr: 29.360763410092133
ssim: 0.9628810882568359
