lpips: 0.015808425843715668
mse: 0.0005022959667257965
psnr: 33.0501160656918
ssim: 0.9777979254722595
