iterations_per_sec: 16.61316329549724
train/distortion_loss: 0.019969537534346483
train/grad_norm: 0.016589170044306854
train/interlevel_loss: 0.0006502028190145138
train/iterations_per_sec: 16.61316329549724
train/l12_reg: 2.485544847719597
train/loss: 0.001191306825153379
train/mse: 0.0005211344602014494
train/psnr: 32.857202452842635
train/tv_reg_l1: 2.00250920382413
train/tv_reg_l2: 2.723238053947988
