lpips: 0.024220570921897888
mse: 0.0012912261299788952
psnr: 29.142899386677676
ssim: 0.9441244602203369
