lpips: 0.018175579607486725
mse: 0.0006414134986698627
psnr: 32.16809889042542
ssim: 0.964394748210907
