iterations_per_sec: 38.74739032581966
train/distortion_loss: 0.006716629678402284
train/grad_norm: 0.028625485214470614
train/interlevel_loss: 0.00015136840426353644
train/iterations_per_sec: 38.74739032581966
train/l12_reg: 0.3936234709590372
train/loss: 0.0014012283234000958
train/mse: 0.0006770602800187213
train/psnr: 31.726066647153914
train/tv_reg_l1: 0.05033112814029058
train/tv_reg_l2: 0.017245952284546815
