lpips: 0.014161963015794754
mse: 0.0002599421131890267
psnr: 36.69990251572225
ssim: 0.9796934723854065
