lpips: 0.012169080786406994
mse: 0.0001536718918941915
psnr: 38.21109649902325
ssim: 0.9818806648254395
