iterations_per_sec: 41.28197106592479
train/distortion_loss: 0.0025493868066919874
train/grad_norm: 0.008306248830819521
train/interlevel_loss: 8.731195908933501e-05
train/iterations_per_sec: 41.28197106592479
train/l12_reg: 0.33278756701585016
train/loss: 0.0006508461541891323
train/mse: 0.00015811201408705346
train/psnr: 38.0439584520128
train/tv_reg_l1: 0.02855208930042055
train/tv_reg_l2: 0.007008521431925321
