lpips: 0.048367682844400406
mse: 0.003010769374668598
psnr: 25.48185568816101
ssim: 0.93377685546875
