lpips: 0.040066882967948914
mse: 0.0014781317440792918
psnr: 28.37577295040687
ssim: 0.950339674949646
