iterations_per_sec: 49.58413308781367
train/distortion_loss: 0.005140980964319574
train/grad_norm: 0.0014590809752016958
train/interlevel_loss: 0.00026700453761602857
train/iterations_per_sec: 49.58413308781367
train/l12_reg: 0.49661562358490147
train/loss: 0.0026259074537930164
train/mse: 0.0015511422199338224
train/psnr: 28.1138270792335
train/tv_reg_l1: 0.08328491238632588
train/tv_reg_l2: 0.030600405966091638
