iterations_per_sec: 39.801338148192706
train/distortion_loss: 0.28119611047735116
train/grad_norm: 0.0698017483633576
train/interlevel_loss: 0.0013330870453795098
train/iterations_per_sec: 39.801338148192706
train/l12_reg: 0.7643836375438806
train/loss: 0.010612521772131775
train/mse: 0.008762342036899292
train/psnr: 20.577431360880535
train/tv_reg_l1: 0.09835816362891535
train/tv_reg_l2: 0.0235896548350351
