lpips: 0.07659339159727097
mse: 0.0010345380287617445
psnr: 29.98664285312754
ssim: 0.8824558854103088
