lpips: 0.08311763405799866
mse: 0.0007929772837087512
psnr: 31.039970767796078
ssim: 0.880470335483551
