iterations_per_sec: 16.403262848147715
train/distortion_loss: 0.011872224970673672
train/grad_norm: 0.017281318365624458
train/interlevel_loss: 0.000562910787229699
train/iterations_per_sec: 16.403262848147715
train/l12_reg: 2.1759505584986525
train/loss: 0.001384779227652935
train/mse: 0.0008099962236369123
train/psnr: 30.94134899100872
train/tv_reg_l1: 1.434987729245966
train/tv_reg_l2: 1.6791141767694493
