lpips: 0.28658542037010193
mse: 0.006133903283625841
psnr: 22.27698914380522
ssim: 0.7375900149345398
