iterations_per_sec: 32.973413321128405
train/distortion_loss: 0.03344160137754498
train/grad_norm: 0.09330510295400715
train/interlevel_loss: 0.0012571347508146757
train/iterations_per_sec: 32.973413321128405
train/l12_reg: 1.149702817502648
train/loss: 0.0066598578864200545
train/mse: 0.005171045204718607
train/psnr: 22.88009183093755
train/tv_reg_l1: 0.11091045561161908
train/tv_reg_l2: 0.019823636219959067
