lpips: 0.009780156426131725
mse: 0.0004666148161049932
psnr: 33.45826989240817
ssim: 0.9835205078125
