lpips: 0.008585033006966114
mse: 0.00038865997339598835
psnr: 34.33101803758003
ssim: 0.9855183959007263
