iterations_per_sec: 22.98319520813082
train/distortion_loss: 0.0009058182923866417
train/grad_norm: 0.036452480337836525
train/interlevel_loss: 6.475371852925169e-05
train/iterations_per_sec: 22.98319520813082
train/l12_reg: 0.2681045842291129
train/loss: 0.0008380278372299867
train/mse: 0.0004196662174754146
train/psnr: 33.82588197727396
train/tv_reg_l1: 0.02583138612710466
train/tv_reg_l2: 0.008459748389820257
