lpips: 0.00860923808068037
mse: 0.0002799977664835751
psnr: 35.856387177134025
ssim: 0.984647274017334
