lpips: 0.01112410333007574
mse: 0.00035157823003828526
psnr: 34.742891015263446
ssim: 0.9814056158065796
