iterations_per_sec: 34.21021590139188
train/distortion_loss: 0.0009247771166782412
train/grad_norm: 0.01439790389114859
train/interlevel_loss: 0.0001133212108562484
train/iterations_per_sec: 34.21021590139188
train/l12_reg: 0.34211266101008714
train/loss: 0.0008688840610586633
train/mse: 0.00029432208343724146
train/psnr: 35.34429661914556
train/tv_reg_l1: 0.035154776214951215
train/tv_reg_l2: 0.011820331366375239
