iterations_per_sec: 54.554713330479736
train/distortion_loss: 0.16340636936101047
train/grad_norm: 0.3129727885578618
train/interlevel_loss: 0.001540495388473224
train/iterations_per_sec: 54.554713330479736
train/l12_reg: 0.7503246141202522
train/loss: 0.0092556146584978
train/mse: 0.006108576144947849
train/psnr: 22.142975277370876
train/tv_reg_l1: 0.1948172040659972
train/tv_reg_l2: 0.06928121464120017
