lpips: 0.1345708817243576
mse: 0.0053017414174973965
psnr: 22.80649559272616
ssim: 0.8736880421638489
