iterations_per_sec: 48.04279858462872
train/distortion_loss: 0.012914705419480199
train/grad_norm: 0.03398717616242592
train/interlevel_loss: 0.0004379312764157099
train/iterations_per_sec: 48.04279858462872
train/l12_reg: 0.8096058043566617
train/loss: 0.005149296240297833
train/mse: 0.004524560454724865
train/psnr: 23.45405351272737
train/tv_reg_l1: 0.10235158677655037
train/tv_reg_l2: 0.01738897923643541
