lpips: 0.1656862199306488
mse: 0.0051946029998362064
psnr: 22.946198529368726
ssim: 0.8080728054046631
