iterations_per_sec: 47.182440732028475
train/distortion_loss: 0.013966694718810043
train/grad_norm: 0.05900311229204891
train/interlevel_loss: 0.0005591004320203957
train/iterations_per_sec: 47.182440732028475
train/l12_reg: 0.9695542207872024
train/loss: 0.005345756931211611
train/mse: 0.004596622778347346
train/psnr: 23.383730204418452
train/tv_reg_l1: 0.10306889977720049
train/tv_reg_l2: 0.01760670751559012
