iterations_per_sec: 37.31818416237813
train/distortion_loss: 0.5542279469846475
train/grad_norm: 0.05187700034090967
train/interlevel_loss: 0.002245206896196863
train/iterations_per_sec: 37.31818416237813
train/l12_reg: 1.0662491080736873
train/loss: 0.01924490567409631
train/mse: 0.01616050187272556
train/psnr: 17.91736701040557
train/tv_reg_l1: 0.13554365963044793
train/tv_reg_l2: 0.028496883470903744
