lpips: 0.053596485406160355
mse: 0.0034993458539247513
psnr: 24.848871281982785
ssim: 0.9269527196884155
