lpips: 0.04329366609454155
mse: 0.0015906241023913026
psnr: 28.061746955291706
ssim: 0.9450994729995728
