iterations_per_sec: 50.81418859090369
train/distortion_loss: 0.013263720012448653
train/grad_norm: 0.04360785546025844
train/interlevel_loss: 0.0005324592671564056
train/iterations_per_sec: 50.81418859090369
train/l12_reg: 0.5397014563733881
train/loss: 0.0031000128900161897
train/mse: 0.0016836025963791392
train/psnr: 27.764089603616736
train/tv_reg_l1: 0.11112433649373776
train/tv_reg_l2: 0.033098584247959986
