lpips: 0.007231574039906263
mse: 0.00034408195642754436
psnr: 34.87937924598084
ssim: 0.9873401522636414
