lpips: 0.008517257869243622
mse: 0.00041556518408469856
psnr: 33.94876322571345
ssim: 0.9852976202964783
