iterations_per_sec: 38.57918928654776
train/distortion_loss: 0.0012187940101468502
train/grad_norm: 0.031730843689104525
train/interlevel_loss: 8.58055001402255e-05
train/iterations_per_sec: 38.57918928654776
train/l12_reg: 0.27301562103358185
train/loss: 0.0008192820276952151
train/mse: 0.0003662297249044941
train/psnr: 34.42451812281753
train/tv_reg_l1: 0.026678320058066435
train/tv_reg_l2: 0.009301236924724747
