lpips: 0.01709299348294735
mse: 0.0003101698821410537
psnr: 36.08884212687026
ssim: 0.9776818156242371
