lpips: 0.0144718112424016
mse: 0.00017107828170992434
psnr: 37.72608183772378
ssim: 0.9801324605941772
