iterations_per_sec: 47.97772747202669
train/distortion_loss: 0.0028871082479717453
train/grad_norm: 0.01071140485947406
train/interlevel_loss: 0.00010048398021032394
train/iterations_per_sec: 47.97772747202669
train/l12_reg: 0.3892535452890878
train/loss: 0.0007530729218169746
train/mse: 0.00017635235057278264
train/psnr: 37.57061416934235
train/tv_reg_l1: 0.036100433744264374
train/tv_reg_l2: 0.00840959202197164
