lpips: 0.026914173737168312
mse: 0.0013136439956724644
psnr: 29.017815737023803
ssim: 0.9407479763031006
