lpips: 0.02140405960381031
mse: 0.0007437600288540125
psnr: 31.523882873224007
ssim: 0.958895206451416
