iterations_per_sec: 65.66808094279395
train/distortion_loss: 0.00662481032236658
train/grad_norm: 0.0011094785636441425
train/interlevel_loss: 0.0001524190005089034
train/iterations_per_sec: 65.66808094279395
train/l12_reg: 0.37254878126009544
train/loss: 0.001456803668083416
train/mse: 0.0007716681810585086
train/psnr: 31.155892786353526
train/tv_reg_l1: 0.045191065417696734
train/tv_reg_l2: 0.015354287914103933
