lpips: 0.016906969249248505
mse: 0.0002778360212687403
psnr: 36.357860188864386
ssim: 0.9777717590332031
