lpips: 0.01427528541535139
mse: 0.0001665478339418769
psnr: 37.84970647136795
ssim: 0.9801050424575806
