iterations_per_sec: 31.092457561746304
train/distortion_loss: 0.003049893398778607
train/grad_norm: 0.009542278860780325
train/interlevel_loss: 0.00012071547311591926
train/iterations_per_sec: 31.092457561746304
train/l12_reg: 0.42407334874374697
train/loss: 0.0008140592394876435
train/mse: 0.00017113937145849277
train/psnr: 37.698555955983174
train/tv_reg_l1: 0.044921169490224185
train/tv_reg_l2: 0.009508111645853278
