lpips: 0.02049178071320057
mse: 0.0007190277683548629
psnr: 31.647486756675956
ssim: 0.9606767892837524
