lpips: 0.02602110616862774
mse: 0.0013313106028363109
psnr: 28.982042581684
ssim: 0.9418357610702515
