iterations_per_sec: 50.511801499965884
train/distortion_loss: 0.0063750779613701986
train/grad_norm: 0.032503584625594543
train/interlevel_loss: 0.00023452281179329887
train/iterations_per_sec: 50.511801499965884
train/l12_reg: 0.45312525708265977
train/loss: 0.001625118095126718
train/mse: 0.0007476928200563322
train/psnr: 31.289566733620383
train/tv_reg_l1: 0.05964996195351235
train/tv_reg_l2: 0.01834021079720873
