lpips: 0.024087976664304733
mse: 0.001286667538806796
psnr: 29.16031508305223
ssim: 0.9438783526420593
