lpips: 0.01839274913072586
mse: 0.0006403894512914121
psnr: 32.15885320947432
ssim: 0.9639391303062439
