iterations_per_sec: 38.44181339254885
train/distortion_loss: 0.0063845450387834905
train/grad_norm: 0.02647145621177524
train/interlevel_loss: 0.00022044692763522494
train/iterations_per_sec: 38.44181339254885
train/l12_reg: 0.47496697276529637
train/loss: 0.0015783188794033997
train/mse: 0.0006732939494976003
train/psnr: 31.75174738180758
train/tv_reg_l1: 0.06528117643161253
train/tv_reg_l2: 0.020322647453709083
