iterations_per_sec: 40.581887331255565
train/distortion_loss: 0.370349703714101
train/grad_norm: 0.07271950575287896
train/interlevel_loss: 0.0019681819448849618
train/iterations_per_sec: 40.581887331255565
train/l12_reg: 1.4148857990900676
train/loss: 0.04037997371169052
train/mse: 0.03771908814557875
train/psnr: 14.23546235248296
train/tv_reg_l1: 0.13019563348004312
train/tv_reg_l2: 0.032235420826408595
