lpips: 0.09615209698677063
mse: 0.0008867454598657787
psnr: 30.553959828056623
ssim: 0.8739187121391296
