lpips: 0.08764638006687164
mse: 0.0010926653631031513
psnr: 29.71203539966389
ssim: 0.879436194896698
