iterations_per_sec: 63.95432707041346
train/distortion_loss: 0.00910084650409643
train/grad_norm: 0.0008529113620905337
train/interlevel_loss: 0.0003420921901565497
train/iterations_per_sec: 63.95432707041346
train/l12_reg: 0.5267326518742725
train/loss: 0.0019843143156983638
train/mse: 0.000897955754419055
train/psnr: 30.491779250327987
train/tv_reg_l1: 0.0707146463671116
train/tv_reg_l2: 0.020843285578067857
