lpips: 0.04364125430583954
mse: 0.0014876489294692874
psnr: 28.345891617481684
ssim: 0.9454597234725952
