lpips: 0.06243099272251129
mse: 0.004367591813206673
psnr: 23.938214181996827
ssim: 0.9188234210014343
