iterations_per_sec: 16.152944591950405
train/distortion_loss: 0.023900326698867963
train/grad_norm: 0.03427937224206298
train/interlevel_loss: 0.0008648996584757108
train/iterations_per_sec: 16.152944591950405
train/l12_reg: 2.440060013472432
train/loss: 0.0024353911667460144
train/mse: 0.0015465912039890283
train/psnr: 28.12821220629143
train/tv_reg_l1: 1.9456219492536602
train/tv_reg_l2: 2.791743090658477
