lpips: 0.0121901985257864
mse: 0.0002820507506839931
psnr: 35.61550765971623
ssim: 0.9737741947174072
