lpips: 0.01767268031835556
mse: 0.0005259212921373546
psnr: 33.19337590005197
ssim: 0.9662306308746338
