iterations_per_sec: 16.25096141221863
train/distortion_loss: 0.003787690851216515
train/grad_norm: 0.013744442102809748
train/interlevel_loss: 0.0007667388035586536
train/iterations_per_sec: 16.25096141221863
train/l12_reg: 2.3045604517965605
train/loss: 0.0010703248936080872
train/mse: 0.0002997983968757902
train/psnr: 35.285886167275784
train/tv_reg_l1: 1.4746107127931383
train/tv_reg_l2: 1.9104562154924027
