lpips: 0.013421420939266682
mse: 0.0004020539054181427
psnr: 34.173163497546696
ssim: 0.9786328077316284
