lpips: 0.010540597140789032
mse: 0.0003249380097258836
psnr: 35.21470050896048
ssim: 0.9822210669517517
