iterations_per_sec: 50.95387896670507
train/distortion_loss: 0.0009392087878141967
train/grad_norm: 0.016813551113385745
train/interlevel_loss: 0.0001143173603023487
train/iterations_per_sec: 50.95387896670507
train/l12_reg: 0.3596541138008387
train/loss: 0.0009419520043372883
train/mse: 0.00033936679399704017
train/psnr: 34.73096019089824
train/tv_reg_l1: 0.03842894002945736
train/tv_reg_l2: 0.012767452351523169
