iterations_per_sec: 18.03650878815762
train/distortion_loss: 0.13252283760694542
train/grad_norm: 0.3925370861484547
train/interlevel_loss: 0.0017153207069225233
train/iterations_per_sec: 18.03650878815762
train/l12_reg: 0.7827750504618943
train/loss: 0.007682509955507938
train/mse: 0.0044457373218704955
train/psnr: 23.52467172796076
train/tv_reg_l1: 0.18658582354434813
train/tv_reg_l2: 0.06061539084020287
