lpips: 0.013074972666800022
mse: 0.0003951158723793924
psnr: 34.24462198231297
ssim: 0.9789300560951233
