lpips: 0.010292763821780682
mse: 0.0003209362621419132
psnr: 35.27090830655316
ssim: 0.9823430776596069
