iterations_per_sec: 49.56582019819889
train/distortion_loss: 0.0009548034192053507
train/grad_norm: 0.016557746294020403
train/interlevel_loss: 0.00013716070746092802
train/iterations_per_sec: 49.56582019819889
train/l12_reg: 0.37925626382683264
train/loss: 0.0009850280987324588
train/mse: 0.0003353145861036304
train/psnr: 34.7805044000799
train/tv_reg_l1: 0.04003185895506782
train/tv_reg_l2: 0.013234170962764759
