lpips: 0.009972050786018372
mse: 0.000426997197791934
psnr: 33.91532968560812
ssim: 0.9839584231376648
