lpips: 0.011186969466507435
mse: 0.0004830736725125462
psnr: 33.27248100667101
ssim: 0.9822871685028076
