iterations_per_sec: 56.03027831092144
train/distortion_loss: 0.0013243640006303486
train/grad_norm: 0.037589284713671664
train/interlevel_loss: 9.623694987944092e-05
train/iterations_per_sec: 56.03027831092144
train/l12_reg: 0.2797774546074145
train/loss: 0.0009247845166946075
train/mse: 0.00045734156520491596
train/psnr: 33.446937406905974
train/tv_reg_l1: 0.02607116007217855
train/tv_reg_l2: 0.009010416361493896
