iterations_per_sec: 47.23968976307894
train/distortion_loss: 0.2780270106864698
train/grad_norm: 0.23450268759871973
train/interlevel_loss: 0.0018785010489418801
train/iterations_per_sec: 47.23968976307894
train/l12_reg: 0.8767979837427236
train/loss: 0.009344584891817184
train/mse: 0.005550502794747701
train/psnr: 22.56178480206114
train/tv_reg_l1: 0.24083539617784094
train/tv_reg_l2: 0.07607560326354672
