lpips: 0.25252556800842285
mse: 0.005416596308350563
psnr: 22.86671592249646
ssim: 0.7532834410667419
