iterations_per_sec: 47.84187462502679
train/distortion_loss: 0.028468339073688093
train/grad_norm: 0.08202931461761696
train/interlevel_loss: 0.0012547725675194853
train/iterations_per_sec: 47.84187462502679
train/l12_reg: 1.2005166718454072
train/loss: 0.005875667227864868
train/mse: 0.00438708138435778
train/psnr: 23.594914985425543
train/tv_reg_l1: 0.12040512150887286
train/tv_reg_l2: 0.02053449425206642
