lpips: 0.015444908291101456
mse: 0.0005553599330596626
psnr: 32.62064188243045
ssim: 0.9767785668373108
