lpips: 0.017892610281705856
mse: 0.0008218692382797599
psnr: 30.91894219649735
ssim: 0.9685320854187012
