iterations_per_sec: 50.01312648740378
train/distortion_loss: 0.006539261918703113
train/grad_norm: 0.0150251869074624
train/interlevel_loss: 0.0004000273389704149
train/iterations_per_sec: 50.01312648740378
train/l12_reg: 0.4251570590216704
train/loss: 0.0016307025851512497
train/mse: 0.0005855859913439913
train/psnr: 32.35785158716067
train/tv_reg_l1: 0.0763758368263341
train/tv_reg_l2: 0.021339291574979068
