lpips: 0.012124037370085716
mse: 0.0003825445019174367
psnr: 34.4003328121201
ssim: 0.9794530272483826
