lpips: 0.009422946721315384
mse: 0.00030099786818027496
psnr: 35.521172191585926
ssim: 0.9829550981521606
