iterations_per_sec: 17.047410939782612
train/distortion_loss: 0.0009937663985924287
train/grad_norm: 0.013444983212258479
train/interlevel_loss: 0.0001631402325313162
train/iterations_per_sec: 17.047410939782612
train/l12_reg: 2.1863589407217625
train/loss: 0.0004809222717985812
train/mse: 0.0003167882706026895
train/psnr: 35.02935055048779
train/tv_reg_l1: 1.281409016763321
train/tv_reg_l2: 1.4642381945041696
