lpips: 0.29817700386047363
mse: 0.006671184208244085
psnr: 21.949063677999693
ssim: 0.7321783304214478
