iterations_per_sec: 50.18345489570317
train/distortion_loss: 0.03130200414946585
train/grad_norm: 0.10487788275937841
train/interlevel_loss: 0.0014623700384746748
train/iterations_per_sec: 50.18345489570317
train/l12_reg: 1.0603768247546572
train/loss: 0.007197804349201797
train/mse: 0.005508502498457227
train/psnr: 22.60530506480824
train/tv_reg_l1: 0.10371854306772502
train/tv_reg_l2: 0.01956298132662219
