lpips: 0.024420537054538727
mse: 0.0012845784658566117
psnr: 29.165875409756513
ssim: 0.9439733028411865
