lpips: 0.01817408762872219
mse: 0.0006330216419883072
psnr: 32.219805408049794
ssim: 0.9642572999000549
