iterations_per_sec: 37.01861397290696
train/distortion_loss: 0.0065684124846199544
train/grad_norm: 0.029386912190327137
train/interlevel_loss: 0.0001526674793855607
train/iterations_per_sec: 37.01861397290696
train/l12_reg: 0.39342618891687103
train/loss: 0.0013964004400703642
train/mse: 0.0006690909853793041
train/psnr: 31.777501019564543
train/tv_reg_l1: 0.04962012284632885
train/tv_reg_l2: 0.01746473666468654
