lpips: 0.00886988639831543
mse: 0.00028504859074018896
psnr: 35.78625295638076
ssim: 0.9842223525047302
