lpips: 0.011416902765631676
mse: 0.00035714832483790815
psnr: 34.6754618057191
ssim: 0.9807804822921753
