iterations_per_sec: 41.370270920619134
train/distortion_loss: 0.000995004082785336
train/grad_norm: 0.015379567677625503
train/interlevel_loss: 0.0001563172242980488
train/iterations_per_sec: 41.370270920619134
train/l12_reg: 0.4003841488650351
train/loss: 0.0009999474483504515
train/mse: 0.00030447706721859483
train/psnr: 35.2029748011117
train/tv_reg_l1: 0.04490316907564799
train/tv_reg_l2: 0.013777397610623427
