lpips: 0.011380817741155624
mse: 0.0003411064390093088
psnr: 35.011080156779975
ssim: 0.9807592630386353
