lpips: 0.01474012155085802
mse: 0.0004228169855196029
psnr: 33.95808222608122
ssim: 0.976935625076294
