iterations_per_sec: 39.35807192137196
train/distortion_loss: 0.0010982399713483197
train/grad_norm: 0.0006084129401844823
train/interlevel_loss: 0.00015860752980436453
train/iterations_per_sec: 39.35807192137196
train/l12_reg: 0.42017715958633806
train/loss: 0.0010904303664868377
train/mse: 0.00035516429525527237
train/psnr: 34.52897601657443
train/tv_reg_l1: 0.05013705176687
train/tv_reg_l2: 0.015538312551198584
