lpips: 0.07648106664419174
mse: 0.0009465095936320722
psnr: 30.37302803009954
ssim: 0.8895453810691833
