lpips: 0.08337543159723282
mse: 0.0007312728557735682
psnr: 31.397068011426313
ssim: 0.8867933750152588
