iterations_per_sec: 41.47671353649524
train/distortion_loss: 0.0108217756555538
train/grad_norm: 0.022901063521552568
train/interlevel_loss: 0.00033978636246033466
train/iterations_per_sec: 41.47671353649524
train/l12_reg: 0.5319926949462506
train/loss: 0.0018627225301426017
train/mse: 0.0007526571080417871
train/psnr: 31.260312012951783
train/tv_reg_l1: 0.07956023815304342
train/tv_reg_l2: 0.022746457313798894
