iterations_per_sec: 17.690181997873708
train/distortion_loss: 0.27396714807760836
train/grad_norm: 0.2176793586425107
train/interlevel_loss: 0.003709547576786141
train/iterations_per_sec: 17.690181997873708
train/l12_reg: 2.4376940679068517
train/loss: 0.009942130608992144
train/mse: 0.005958615849264944
train/psnr: 22.25386979844835
train/tv_reg_l1: 1.6786231416644473
train/tv_reg_l2: 2.1277721048605565
