lpips: 0.019195012748241425
mse: 0.0006680450751446187
psnr: 31.813941775077165
ssim: 0.9732895493507385
