lpips: 0.02128831297159195
mse: 0.0009459607535973191
psnr: 30.301253943607485
ssim: 0.9649698734283447
