iterations_per_sec: 66.07459942169193
train/distortion_loss: 0.00633875760861268
train/grad_norm: 0.0008924141557971863
train/interlevel_loss: 0.0007583499148798486
train/iterations_per_sec: 66.07459942169193
train/l12_reg: 0.38665213970222856
train/loss: 0.0020317862426504642
train/mse: 0.0006915683272492254
train/psnr: 31.628707866476038
train/tv_reg_l1: 0.05979052878389455
train/tv_reg_l2: 0.01888770918653469
