lpips: 0.2578027844429016
mse: 0.005385534837841988
psnr: 22.80664374330006
ssim: 0.7461215257644653
