iterations_per_sec: 46.13101298032045
train/distortion_loss: 0.01885556450320615
train/grad_norm: 0.08673138088650173
train/interlevel_loss: 0.0010264639712098723
train/iterations_per_sec: 46.13101298032045
train/l12_reg: 1.150825564307396
train/loss: 0.005784886762161146
train/mse: 0.0045421993515143795
train/psnr: 23.442522530603892
train/tv_reg_l1: 0.09416638818955181
train/tv_reg_l2: 0.019736788959966764
