lpips: 0.13681362569332123
mse: 0.002954434370622039
psnr: 25.454332722265743
ssim: 0.8700517416000366
