iterations_per_sec: 51.847498400478706
train/distortion_loss: 0.005001300113332091
train/grad_norm: 0.02799925525117703
train/interlevel_loss: 0.00045483546993563495
train/iterations_per_sec: 51.847498400478706
train/l12_reg: 0.9420302028607841
train/loss: 0.0032670704102275346
train/mse: 0.0026786359652613448
train/psnr: 25.732101189969764
train/tv_reg_l1: 0.07646945419937673
train/tv_reg_l2: 0.012859767039466386
