lpips: 0.10457494854927063
mse: 0.0038565946742892265
psnr: 24.250446859352987
ssim: 0.8784727454185486
