iterations_per_sec: 52.239009234215864
train/distortion_loss: 0.006915963297201829
train/grad_norm: 0.07320122201597751
train/interlevel_loss: 0.0003500332282103523
train/iterations_per_sec: 52.239009234215864
train/l12_reg: 0.7335341356017373
train/loss: 0.0036872858252150545
train/mse: 0.0032068870166749365
train/psnr: 24.956437004937065
train/tv_reg_l1: 0.07030004436018492
train/tv_reg_l2: 0.012344959643528317
