iterations_per_sec: 18.154582284427732
train/distortion_loss: 0.1660873330000675
train/grad_norm: 0.1657773783110609
train/interlevel_loss: 0.0017814253400446792
train/iterations_per_sec: 18.154582284427732
train/l12_reg: 0.6954386294490159
train/loss: 0.005719599887879208
train/mse: 0.0026155536937894244
train/psnr: 25.834324961960917
train/tv_reg_l1: 0.13847426001471702
train/tv_reg_l2: 0.04610948795170495
