lpips: 0.04442726448178291
mse: 0.0016178458463400602
psnr: 27.98501158481988
ssim: 0.9444582462310791
