lpips: 0.053928375244140625
mse: 0.0033614886924624443
psnr: 24.972059819895822
ssim: 0.9279114603996277
