iterations_per_sec: 49.105383523851984
train/distortion_loss: 0.012241480232338713
train/grad_norm: 0.040521231818605556
train/interlevel_loss: 0.00047696763096904065
train/iterations_per_sec: 49.105383523851984
train/l12_reg: 0.5376883113023007
train/loss: 0.0030647068651336613
train/mse: 0.0017077008161148189
train/psnr: 27.695594960992988
train/tv_reg_l1: 0.11134932957815402
train/tv_reg_l2: 0.033010861450674556
