lpips: 0.039827749133110046
mse: 0.001978362910449505
psnr: 27.44891303591489
ssim: 0.9260973930358887
