lpips: 0.027121661230921745
mse: 0.0008197978604584932
psnr: 31.07457397055721
ssim: 0.9528606534004211
