iterations_per_sec: 21.73919146655478
train/distortion_loss: 0.009478688418789946
train/grad_norm: 0.0016280299339518703
train/interlevel_loss: 0.0002587124528339829
train/iterations_per_sec: 21.73919146655478
train/l12_reg: 2.3621865884222166
train/loss: 0.0011235153116756166
train/mse: 0.0008553241701759022
train/psnr: 30.709598695388948
train/tv_reg_l1: 1.8341388931178084
train/tv_reg_l2: 2.581508012733074
