lpips: 0.018486713990569115
mse: 0.0005241773324087262
psnr: 33.09988605402602
ssim: 0.9641035199165344
