lpips: 0.013974780216813087
mse: 0.0003089715610258281
psnr: 35.20978542625697
ssim: 0.9711859226226807
