iterations_per_sec: 56.4892725693428
train/distortion_loss: 0.003363239230832668
train/grad_norm: 0.019643779975747823
train/interlevel_loss: 0.00044507417513876027
train/iterations_per_sec: 56.4892725693428
train/l12_reg: 0.5016588135199114
train/loss: 0.0015237352650875997
train/mse: 0.00033389136366866
train/psnr: 34.817540910508896
train/tv_reg_l1: 0.0738677139384578
train/tv_reg_l2: 0.023974765788274583
