lpips: 0.013444819487631321
mse: 0.00048666103975847363
psnr: 33.20488934714386
ssim: 0.9795407056808472
