lpips: 0.016286851838231087
mse: 0.0007368791266344488
psnr: 31.39831898708582
ssim: 0.9711336493492126
