iterations_per_sec: 54.475803593789884
train/distortion_loss: 0.00473032458544229
train/grad_norm: 0.0007774021365971427
train/interlevel_loss: 0.0003275750322512003
train/iterations_per_sec: 54.475803593789884
train/l12_reg: 0.37592011057969293
train/loss: 0.0014261899120879896
train/mse: 0.0005251139224826763
train/psnr: 32.82440969679091
train/tv_reg_l1: 0.05721225254613944
train/tv_reg_l2: 0.019285051810621012
