lpips: 0.10636331886053085
mse: 0.0014306956436485052
psnr: 28.565818835406482
ssim: 0.9118937849998474
