iterations_per_sec: 48.48767564212204
train/distortion_loss: 0.00971307484150836
train/grad_norm: 0.02257372544269369
train/interlevel_loss: 0.000492242255749068
train/iterations_per_sec: 48.48767564212204
train/l12_reg: 1.1648450451667862
train/loss: 0.0018833592167180595
train/mse: 0.0012864548562452048
train/psnr: 28.918498357137043
train/tv_reg_l1: 0.0670769503622344
train/tv_reg_l2: 0.009494901738233037
