iterations_per_sec: 38.67363937736214
train/distortion_loss: 0.2568337209899016
train/grad_norm: 0.0788631493395025
train/interlevel_loss: 0.0024447215255349874
train/iterations_per_sec: 38.67363937736214
train/l12_reg: 0.9913733691880198
train/loss: 0.012440629303455353
train/mse: 0.009495168548039716
train/psnr: 20.228773772114454
train/tv_reg_l1: 0.1181333147064604
train/tv_reg_l2: 0.024390556426210838
