lpips: 0.14363674819469452
mse: 0.003007405437529087
psnr: 25.376163414110316
ssim: 0.8667610883712769
