iterations_per_sec: 51.34122811053988
train/distortion_loss: 0.006236426927375071
train/grad_norm: 0.030293834442743146
train/interlevel_loss: 0.0008299251879574825
train/iterations_per_sec: 51.34122811053988
train/l12_reg: 0.8936857003154177
train/loss: 0.003704691921934636
train/mse: 0.002751738726716451
train/psnr: 25.615047705293907
train/tv_reg_l1: 0.07135666184353107
train/tv_reg_l2: 0.011679160352231878
