lpips: 0.010931367054581642
mse: 0.0005165585898794234
psnr: 33.053363967782744
ssim: 0.9824376106262207
