lpips: 0.00891769677400589
mse: 0.00036043516593053937
psnr: 34.64854830941639
ssim: 0.9855222105979919
