iterations_per_sec: 16.246875321492364
train/distortion_loss: 0.003717137458310886
train/grad_norm: 0.027485208821040812
train/interlevel_loss: 9.309440234445525e-05
train/iterations_per_sec: 16.246875321492364
train/l12_reg: 2.063728339744337
train/loss: 0.00048687162331653515
train/mse: 0.0003900600840088281
train/psnr: 34.14327841094046
train/tv_reg_l1: 1.4169915204096322
train/tv_reg_l2: 1.5780888326240308
