lpips: 0.010830730199813843
mse: 0.0003314118948765099
psnr: 35.14160292468007
ssim: 0.9814915657043457
