lpips: 0.013917059637606144
mse: 0.0004122350364923477
psnr: 34.07352633459879
ssim: 0.9777585864067078
