iterations_per_sec: 50.88161912677919
train/distortion_loss: 0.0009725762494708026
train/grad_norm: 0.017174381254748863
train/interlevel_loss: 0.00011153897025676519
train/iterations_per_sec: 50.88161912677919
train/l12_reg: 0.354003395095016
train/loss: 0.0009388275611487151
train/mse: 0.0003463413003088925
train/psnr: 34.63817334415937
train/tv_reg_l1: 0.03729017319703343
train/tv_reg_l2: 0.012597129332146259
