lpips: 0.23220893740653992
mse: 0.004836211912333965
psnr: 23.243150698915773
ssim: 0.759797990322113
