iterations_per_sec: 51.52493282628087
train/distortion_loss: 0.017549748428993754
train/grad_norm: 0.0742489563470537
train/interlevel_loss: 0.0006268836670752728
train/iterations_per_sec: 51.52493282628087
train/l12_reg: 0.9207198059920109
train/loss: 0.004983150541330829
train/mse: 0.004178474911234595
train/psnr: 23.80446195120763
train/tv_reg_l1: 0.0923650028428646
train/tv_reg_l2: 0.01602422235289005
