lpips: 0.1277402639389038
mse: 0.0017081252299249172
psnr: 27.840236675796994
ssim: 0.9003787040710449
