iterations_per_sec: 46.917623838562065
train/distortion_loss: 0.012259959064499296
train/grad_norm: 0.028092201921449164
train/interlevel_loss: 0.0003135705518423382
train/iterations_per_sec: 46.917623838562065
train/l12_reg: 0.9348826372262203
train/loss: 0.001887805988033763
train/mse: 0.0014637265697761317
train/psnr: 28.361201430812027
train/tv_reg_l1: 0.07057784482686207
train/tv_reg_l2: 0.009824891518237013
