lpips: 0.010987531393766403
mse: 0.00014519947580993176
psnr: 38.45414859469912
ssim: 0.9823465943336487
