lpips: 0.01352610345929861
mse: 0.00025077626924030483
psnr: 36.83610222143673
ssim: 0.9798540472984314
