iterations_per_sec: 17.756456215862357
train/distortion_loss: 0.0024739255296122847
train/grad_norm: 0.010513953563540873
train/interlevel_loss: 0.00011898716896974642
train/iterations_per_sec: 17.756456215862357
train/l12_reg: 2.2436738423626834
train/loss: 0.0002682362214222343
train/mse: 0.00014677512485326992
train/psnr: 38.369197922523576
train/tv_reg_l1: 1.230662631266045
train/tv_reg_l2: 1.385577329481491
