lpips: 0.007390173152089119
mse: 0.0003563988138921559
psnr: 34.731750429659265
ssim: 0.9871718883514404
