lpips: 0.00864134356379509
mse: 0.00042609183583408594
psnr: 33.838216121139105
ssim: 0.9851797223091125
