iterations_per_sec: 53.89642437749762
train/distortion_loss: 0.0012211826738120631
train/grad_norm: 0.0005876414405506556
train/interlevel_loss: 8.844753072921638e-05
train/iterations_per_sec: 53.89642437749762
train/l12_reg: 0.27204381185348586
train/loss: 0.0008336342935864297
train/mse: 0.0003842547194293766
train/psnr: 34.20973941533252
train/tv_reg_l1: 0.023888459485588653
train/tv_reg_l2: 0.008766704229543907
