lpips: 0.1259695291519165
mse: 0.005156803876161575
psnr: 22.925909966812277
ssim: 0.8774135112762451
