iterations_per_sec: 40.38815952225255
train/distortion_loss: 0.011735505791324558
train/grad_norm: 0.033460779322518244
train/interlevel_loss: 0.0004134323527904773
train/iterations_per_sec: 40.38815952225255
train/l12_reg: 0.7575048671828376
train/loss: 0.0049883974339775365
train/mse: 0.004391774196516384
train/psnr: 23.583201784076113
train/tv_reg_l1: 0.10147406190934807
train/tv_reg_l2: 0.017145538796680144
