iterations_per_sec: 18.26487445867145
train/distortion_loss: 0.2269579154072386
train/grad_norm: 0.15556453281279767
train/interlevel_loss: 0.0026364462012707286
train/iterations_per_sec: 18.26487445867145
train/l12_reg: 2.3535379544653074
train/loss: 0.005083556987834398
train/mse: 0.0022201528514011037
train/psnr: 26.5443427153308
train/tv_reg_l1: 1.5833205803476198
train/tv_reg_l2: 2.011025067531701
