iterations_per_sec: 46.90671141181141
train/distortion_loss: 0.036021589066344076
train/grad_norm: 0.10379674345856965
train/interlevel_loss: 0.00028782672803811355
train/iterations_per_sec: 46.90671141181141
train/l12_reg: 0.5668260172159985
train/loss: 0.0015161478224050516
train/mse: 0.0004300470655017316
train/psnr: 33.68411551581489
train/tv_reg_l1: 0.09316266779646729
train/tv_reg_l2: 0.019542639585908014
