lpips: 0.043950751423835754
mse: 0.0015778611414134502
psnr: 28.099288919555708
ssim: 0.9439764618873596
