lpips: 0.05483493208885193
mse: 0.003308013314381242
psnr: 25.059030667912275
ssim: 0.9249799251556396
