iterations_per_sec: 44.145755335174385
train/distortion_loss: 0.014638145284896547
train/grad_norm: 0.03973604206259203
train/interlevel_loss: 0.0005233508227228404
train/iterations_per_sec: 44.145755335174385
train/l12_reg: 0.5579661040595083
train/loss: 0.0030985858921676575
train/mse: 0.0016574893250233596
train/psnr: 27.827579421226424
train/tv_reg_l1: 0.1252977912775194
train/tv_reg_l2: 0.034514148841903666
