lpips: 0.08384187519550323
mse: 0.0013204253045842052
psnr: 29.39738162839938
ssim: 0.8783499002456665
