lpips: 0.0871514230966568
mse: 0.0008277923334389925
psnr: 30.859489841280833
ssim: 0.8766906261444092
