iterations_per_sec: 17.79707507054941
train/distortion_loss: 0.01079360381558989
train/grad_norm: 0.020820384431216452
train/interlevel_loss: 0.0005664585623890162
train/iterations_per_sec: 17.79707507054941
train/l12_reg: 2.1892926885624124
train/loss: 0.001411927768706598
train/mse: 0.0008346755974784945
train/psnr: 30.807207088277796
train/tv_reg_l1: 1.4629522248952076
train/tv_reg_l2: 1.8562210485188648
