lpips: 0.013915644958615303
mse: 0.00016738189151510596
psnr: 37.83017755843788
ssim: 0.9804786443710327
