lpips: 0.016113394871354103
mse: 0.00026979678659699857
psnr: 36.39769584665506
ssim: 0.9785503149032593
