iterations_per_sec: 29.97783036439569
train/distortion_loss: 0.0026277869215442073
train/grad_norm: 0.00923204826040551
train/interlevel_loss: 0.00010250774739872231
train/iterations_per_sec: 29.97783036439569
train/l12_reg: 0.3952169240725161
train/loss: 0.0007603124708332347
train/mse: 0.00017074832305867188
train/psnr: 37.707354651557075
train/tv_reg_l1: 0.04008829699020193
train/tv_reg_l2: 0.008921168998561123
