lpips: 0.13885194063186646
mse: 0.002922019688412547
psnr: 25.48213743104022
ssim: 0.8684534430503845
