iterations_per_sec: 48.134504357158214
train/distortion_loss: 0.005979669811862587
train/grad_norm: 0.028701043433763763
train/interlevel_loss: 0.0008337655165844192
train/iterations_per_sec: 48.134504357158214
train/l12_reg: 0.8674495792148089
train/loss: 0.003654221458492255
train/mse: 0.0026952022841821113
train/psnr: 25.704325281008327
train/tv_reg_l1: 0.07158607936868763
train/tv_reg_l2: 0.01192739936099811
