iterations_per_sec: 38.81371848852213
train/distortion_loss: 0.29264737379671346
train/grad_norm: 0.08085119238857066
train/interlevel_loss: 0.002307260808807732
train/iterations_per_sec: 38.81371848852213
train/l12_reg: 1.0381455577985206
train/loss: 0.012078120119192383
train/mse: 0.00926132458779547
train/psnr: 20.33697621509282
train/tv_reg_l1: 0.11023767405387128
train/tv_reg_l2: 0.02168873311820054
