iterations_per_sec: 39.55172849130675
train/distortion_loss: 0.18759726499668275
train/grad_norm: 0.014234162462555398
train/interlevel_loss: 0.001143079935431932
train/iterations_per_sec: 39.55172849130675
train/l12_reg: 0.8680353652347218
train/loss: 0.007437656525371953
train/mse: 0.005994365122545548
train/psnr: 22.225102183794736
train/tv_reg_l1: 0.06627446300152576
train/tv_reg_l2: 0.011261420051633107
