iterations_per_sec: 15.12407207741
train/distortion_loss: 0.32077315269094525
train/grad_norm: 0.3753768705358409
train/interlevel_loss: 0.004183408757201349
train/iterations_per_sec: 15.12407207741
train/l12_reg: 0.686201947506028
train/loss: 0.012915679150157504
train/mse: 0.006865018672977734
train/psnr: 21.63907792833116
train/tv_reg_l1: 0.19918327635586863
train/tv_reg_l2: 0.086027651874706
