lpips: 0.10531581938266754
mse: 0.002348683075979352
psnr: 26.309123999009326
ssim: 0.9290910363197327
