iterations_per_sec: 47.89902109391544
train/distortion_loss: 0.0055262731820946995
train/grad_norm: 0.057809210354180046
train/interlevel_loss: 0.0002273906494439062
train/iterations_per_sec: 47.89902109391544
train/l12_reg: 0.8750832351771268
train/loss: 0.002628846035216643
train/mse: 0.002222640949038017
train/psnr: 26.556718999689277
train/tv_reg_l1: 0.1025643636180897
train/tv_reg_l2: 0.017328816494255356
