iterations_per_sec: 14.519098228259274
train/distortion_loss: 0.06567185104946897
train/grad_norm: 0.108722967029822
train/interlevel_loss: 0.0011507878326952007
train/iterations_per_sec: 14.519098228259274
train/l12_reg: 2.019019777124578
train/loss: 0.0022729900689099475
train/mse: 0.001056530392926299
train/psnr: 29.765586371373647
train/tv_reg_l1: 1.4282452385834974
train/tv_reg_l2: 1.9870685736338298
