lpips: 0.08819437026977539
mse: 0.00155365199316293
psnr: 29.302268866766685
ssim: 0.8805130124092102
