lpips: 0.09167821705341339
mse: 0.0008142487495206296
psnr: 30.930807775593518
ssim: 0.8792139291763306
