iterations_per_sec: 55.370369350848385
train/distortion_loss: 0.01190669916457299
train/grad_norm: 0.00080868684289262
train/interlevel_loss: 0.0003746165150207364
train/iterations_per_sec: 55.370369350848385
train/l12_reg: 0.6406434352951821
train/loss: 0.002120514390896065
train/mse: 0.0008340648280202665
train/psnr: 30.811385511147854
train/tv_reg_l1: 0.0967775054953315
train/tv_reg_l2: 0.025928288058500098
