lpips: 0.022208552807569504
mse: 0.0011822900269180536
psnr: 29.44916420935306
ssim: 0.963982343673706
