lpips: 0.015482918359339237
mse: 0.0004935571923851967
psnr: 33.12644666245417
ssim: 0.9783698320388794
