iterations_per_sec: 14.67967586266565
train/distortion_loss: 0.020260459865735034
train/grad_norm: 0.01395827703968142
train/interlevel_loss: 0.0008266676403111731
train/iterations_per_sec: 14.67967586266565
train/l12_reg: 2.5137551649652345
train/loss: 0.0013579725737053185
train/mse: 0.0005110444635096374
train/psnr: 32.94981775380144
train/tv_reg_l1: 1.9776968811497544
train/tv_reg_l2: 2.689494029440061
