lpips: 0.1442987322807312
mse: 0.003061937401071191
psnr: 25.156259534974552
ssim: 0.9139858484268188
