iterations_per_sec: 48.70588007023685
train/distortion_loss: 0.00396951585725853
train/grad_norm: 0.07638148748964975
train/interlevel_loss: 0.000549036763711936
train/iterations_per_sec: 48.70588007023685
train/l12_reg: 0.8628441570985197
train/loss: 0.0036550386987551295
train/mse: 0.0029228912511219582
train/psnr: 25.36816860931088
train/tv_reg_l1: 0.09402060561408901
train/tv_reg_l2: 0.01791411732332875
