lpips: 0.09889213740825653
mse: 0.0014127212343737483
psnr: 29.026643048954874
ssim: 0.8714122772216797
