lpips: 0.10436861217021942
mse: 0.0009388405596837401
psnr: 30.315154004497924
ssim: 0.8668009042739868
