iterations_per_sec: 39.63532520043349
train/distortion_loss: 0.012471816671842878
train/grad_norm: 0.0009007423091914994
train/interlevel_loss: 0.00035982614769976626
train/iterations_per_sec: 39.63532520043349
train/l12_reg: 0.6581851123559355
train/loss: 0.00225499094783733
train/mse: 0.0009599844078448685
train/psnr: 30.1995471992878
train/tv_reg_l1: 0.10151952670680152
train/tv_reg_l2: 0.02645234295138807
