iterations_per_sec: 15.931014160619181
train/distortion_loss: 0.03361206490433577
train/grad_norm: 0.09400877969885113
train/interlevel_loss: 0.0007290478420650794
train/iterations_per_sec: 15.931014160619181
train/l12_reg: 1.9985204056055859
train/loss: 0.0011999818867994378
train/mse: 0.0004373219736141501
train/psnr: 33.61331365566061
train/tv_reg_l1: 1.3649023530459163
train/tv_reg_l2: 1.5124222606119484
