iterations_per_sec: 42.371254608317294
train/distortion_loss: 0.3060720544872862
train/grad_norm: 0.0881819927105398
train/interlevel_loss: 0.0024167351151882397
train/iterations_per_sec: 42.371254608317294
train/l12_reg: 0.9856504394550516
train/loss: 0.02685402168167962
train/mse: 0.023841150293145517
train/psnr: 16.228550583425193
train/tv_reg_l1: 0.1432382563749949
train/tv_reg_l2: 0.02900641415305812
