iterations_per_sec: 16.317472903654817
train/distortion_loss: 0.08181998479847956
train/grad_norm: 0.07948035174849058
train/interlevel_loss: 0.001958323953052362
train/iterations_per_sec: 16.317472903654817
train/l12_reg: 2.2272213516813335
train/loss: 0.004935635954630796
train/mse: 0.0028954919808628883
train/psnr: 25.386239234847253
train/tv_reg_l1: 1.6171327299541898
train/tv_reg_l2: 2.199976608006641
