lpips: 0.008659600280225277
mse: 0.00027834533830173314
psnr: 35.88009770938679
ssim: 0.9847022891044617
