lpips: 0.011042671278119087
mse: 0.0003478367580100894
psnr: 34.79187116057785
ssim: 0.9815210700035095
