iterations_per_sec: 38.45060075161188
train/distortion_loss: 0.0009759789070519007
train/grad_norm: 0.01518394753355721
train/interlevel_loss: 0.00011302653457287398
train/iterations_per_sec: 38.45060075161188
train/l12_reg: 0.3410540220111307
train/loss: 0.0008624215014137779
train/mse: 0.00029254325099919705
train/psnr: 35.37466083873402
train/tv_reg_l1: 0.03344543865232757
train/tv_reg_l2: 0.011482169729365844
