lpips: 0.07495785504579544
mse: 0.0011607910273596644
psnr: 29.8632594974169
ssim: 0.8843406438827515
