lpips: 0.08085393905639648
mse: 0.0007623709971085191
psnr: 31.21640395721678
ssim: 0.8826219439506531
