iterations_per_sec: 15.417509238370734
train/distortion_loss: 0.01144909377049918
train/grad_norm: 0.01749056704681028
train/interlevel_loss: 0.0005612952371287827
train/iterations_per_sec: 15.417509238370734
train/l12_reg: 2.14538830217689
train/loss: 0.0013481706917060144
train/mse: 0.0007754263598612989
train/psnr: 31.130819050952642
train/tv_reg_l1: 1.366370708051354
train/tv_reg_l2: 1.7132149934768677
