lpips: 0.17524631321430206
mse: 0.005463491193950176
psnr: 22.717673773722062
ssim: 0.8027228713035583
