iterations_per_sec: 47.756483949527116
train/distortion_loss: 0.01361707289411564
train/grad_norm: 0.05896592802471585
train/interlevel_loss: 0.0005157118133443285
train/iterations_per_sec: 47.756483949527116
train/l12_reg: 0.9965975338762457
train/loss: 0.005626766876590372
train/mse: 0.0049220802253018125
train/psnr: 23.088069029528686
train/tv_reg_l1: 0.09887447388786258
train/tv_reg_l2: 0.017535778214082573
