lpips: 0.019435930997133255
mse: 0.0009732790058478713
psnr: 30.246004351372594
ssim: 0.9665421843528748
