lpips: 0.01533026248216629
mse: 0.000510218960698694
psnr: 32.989840567745816
ssim: 0.9775698781013489
