iterations_per_sec: 21.935418499345644
train/distortion_loss: 0.011270285442923054
train/grad_norm: 0.0011457361120994043
train/interlevel_loss: 0.00032341286641159896
train/iterations_per_sec: 21.935418499345644
train/l12_reg: 2.3513110695463237
train/loss: 0.0008784889748009542
train/mse: 0.0005438058264318364
train/psnr: 32.66947638386428
train/tv_reg_l1: 1.9878750690306075
train/tv_reg_l2: 2.89943956365489
