iterations_per_sec: 40.48087572096601
train/distortion_loss: 0.4494856084235991
train/grad_norm: 0.07825779384284308
train/interlevel_loss: 0.002488102274711686
train/iterations_per_sec: 40.48087572096601
train/l12_reg: 1.0262180988234704
train/loss: 0.01783599422285051
train/mse: 0.014612399022838082
train/psnr: 18.355473181213995
train/tv_reg_l1: 0.14500490417986206
train/tv_reg_l2: 0.028600737809984372
