iterations_per_sec: 18.21432447386075
train/distortion_loss: 0.027551905223817535
train/grad_norm: 0.09724659969409306
train/interlevel_loss: 0.00025442730273223587
train/iterations_per_sec: 18.21432447386075
train/l12_reg: 0.5358023613390296
train/loss: 0.0013380708111769923
train/mse: 0.00033738523265440957
train/psnr: 34.74077991524128
train/tv_reg_l1: 0.0900954148835606
train/tv_reg_l2: 0.01829039788983687
