lpips: 0.1919557899236679
mse: 0.005753620993345976
psnr: 22.487046891068694
ssim: 0.7962203025817871
