iterations_per_sec: 49.74614504803889
train/distortion_loss: 0.01576041321110244
train/grad_norm: 0.056400919972796636
train/interlevel_loss: 0.0008990129454748122
train/iterations_per_sec: 49.74614504803889
train/l12_reg: 1.0472441430043693
train/loss: 0.006205845050363227
train/mse: 0.005135134455155243
train/psnr: 22.902019115409466
train/tv_reg_l1: 0.0950891584007427
train/tv_reg_l2: 0.01559372531306563
