iterations_per_sec: 12.857554065770259
train/distortion_loss: 0.1280059903258025
train/grad_norm: 0.34502711019130666
train/interlevel_loss: 0.0030454907030092945
train/iterations_per_sec: 12.857554065770259
train/l12_reg: 2.0081012128579494
train/loss: 0.009484455817275576
train/mse: 0.00631095902204062
train/psnr: 22.001214499425405
train/tv_reg_l1: 1.3112492236224087
train/tv_reg_l2: 1.658593607671333
