lpips: 0.1395837366580963
mse: 0.0029982179403305054
psnr: 25.25868435785103
ssim: 0.9159640669822693
