iterations_per_sec: 50.11362060449056
train/distortion_loss: 0.005318175657943945
train/grad_norm: 0.07036552867955631
train/interlevel_loss: 0.0005744615536785186
train/iterations_per_sec: 50.11362060449056
train/l12_reg: 0.8433782783421603
train/loss: 0.0035930496847463977
train/mse: 0.002836505981218634
train/psnr: 25.49836199211352
train/tv_reg_l1: 0.09672098463833934
train/tv_reg_l2: 0.017676397762966877
