iterations_per_sec: 18.64911433691228
train/distortion_loss: 0.14224179239586146
train/grad_norm: 0.33651839061216876
train/interlevel_loss: 0.001702381920003605
train/iterations_per_sec: 18.64911433691228
train/l12_reg: 0.6281662107718111
train/loss: 0.008512873343671814
train/mse: 0.005444303009132243
train/psnr: 22.6427590341279
train/tv_reg_l1: 0.13204832555669727
train/tv_reg_l2: 0.05957802603341112
