iterations_per_sec: 44.00800800869927
train/distortion_loss: 0.21465902632535105
train/grad_norm: 0.06442511096747235
train/interlevel_loss: 0.0030702036320975033
train/iterations_per_sec: 44.00800800869927
train/l12_reg: 0.9438015373066219
train/loss: 0.013797816707555092
train/mse: 0.010240392919366409
train/psnr: 19.90075182673907
train/tv_reg_l1: 0.1304206708163926
train/tv_reg_l2: 0.02725611420141326
