lpips: 0.020982077345252037
mse: 0.0007274204981513321
psnr: 31.611949940226943
ssim: 0.9594271779060364
