lpips: 0.02645043656229973
mse: 0.0012986682122573256
psnr: 29.07401564457333
ssim: 0.9414230585098267
