iterations_per_sec: 66.61422783909232
train/distortion_loss: 0.006368352391879366
train/grad_norm: 0.0011801253392765619
train/interlevel_loss: 0.00016005723569612724
train/iterations_per_sec: 66.61422783909232
train/l12_reg: 0.3783093507241721
train/loss: 0.0014499401287975334
train/mse: 0.0007535310702003313
train/psnr: 31.255686037468188
train/tv_reg_l1: 0.04347108940433974
train/tv_reg_l2: 0.015167409469458189
