lpips: 0.009875860065221786
mse: 0.00023490411695092916
psnr: 36.37779363735301
ssim: 0.9776657223701477
