lpips: 0.01382405310869217
mse: 0.0004150688764639199
psnr: 34.17736785510397
ssim: 0.9717342853546143
