iterations_per_sec: 38.68578743448177
train/distortion_loss: 0.0033867321861437475
train/grad_norm: 0.016877117994796447
train/interlevel_loss: 0.0004533518674886889
train/iterations_per_sec: 38.68578743448177
train/l12_reg: 0.4839536996200831
train/loss: 0.0014283160956557652
train/mse: 0.00025623038027793016
train/psnr: 35.97136283643318
train/tv_reg_l1: 0.07279218755888217
train/tv_reg_l2: 0.02313933890275281
