iterations_per_sec: 43.8413711062532
train/distortion_loss: 0.6717751923233571
train/grad_norm: 0.07847813110459935
train/interlevel_loss: 0.0020541944070672146
train/iterations_per_sec: 43.8413711062532
train/l12_reg: 1.0628146944624004
train/loss: 0.01567982205876497
train/mse: 0.012673486438062456
train/psnr: 18.973322569721876
train/tv_reg_l1: 0.15771898205834206
train/tv_reg_l2: 0.028036607899750123
