iterations_per_sec: 52.29794487337
train/distortion_loss: 0.28101212599060754
train/grad_norm: 0.4108062410595441
train/interlevel_loss: 0.004180406060333204
train/iterations_per_sec: 52.29794487337
train/l12_reg: 0.7809147750488435
train/loss: 0.03151863220740448
train/mse: 0.02518501262547392
train/psnr: 15.990080804535836
train/tv_reg_l1: 0.23346207719860654
train/tv_reg_l2: 0.10912875801023811
