lpips: 0.016939813271164894
mse: 0.0007501853397116065
psnr: 31.307024291882325
ssim: 0.9710263013839722
