lpips: 0.014780058525502682
mse: 0.0005233836127445102
psnr: 32.88530954858843
ssim: 0.9788404107093811
