iterations_per_sec: 41.37268813553188
train/distortion_loss: 0.004757464369476745
train/grad_norm: 0.01364053234533228
train/interlevel_loss: 0.0006846201516725499
train/iterations_per_sec: 41.37268813553188
train/l12_reg: 0.33395098766895254
train/loss: 0.0017365524004392251
train/mse: 0.0005612086217775188
train/psnr: 32.55784296748614
train/tv_reg_l1: 0.04575695936577489
train/tv_reg_l2: 0.015201516317749264
