lpips: 0.012382274493575096
mse: 0.0005288611864671111
psnr: 32.87266258600689
ssim: 0.9810084700584412
