lpips: 0.011097336187958717
mse: 0.0004622175474651158
psnr: 33.55215996656753
ssim: 0.9827584624290466
