iterations_per_sec: 50.211389030029224
train/distortion_loss: 0.00110033941702127
train/grad_norm: 0.03840680920867005
train/interlevel_loss: 0.0021582023555770367
train/iterations_per_sec: 50.211389030029224
train/l12_reg: 0.18403885355501465
train/loss: 0.0029157528117524853
train/mse: 0.0004983681978450881
train/psnr: 33.07482301345979
train/tv_reg_l1: 0.018179251407884588
train/tv_reg_l2: 0.007404305365388141
