lpips: 0.007137875538319349
mse: 0.00034547632094472647
psnr: 34.85386046494253
ssim: 0.9875186681747437
