lpips: 0.008744636550545692
mse: 0.00043444751645438373
psnr: 33.79374455563609
ssim: 0.9853141903877258
