iterations_per_sec: 34.446187633063445
train/distortion_loss: 0.0010625797234513241
train/grad_norm: 0.03166318368731123
train/interlevel_loss: 0.0001256973503981811
train/iterations_per_sec: 34.446187633063445
train/l12_reg: 0.260921754620292
train/loss: 0.0008495444751749135
train/mse: 0.0003742875494274565
train/psnr: 34.32230908942945
train/tv_reg_l1: 0.023300427341400975
train/tv_reg_l2: 0.008757523543229609
