lpips: 0.08551803231239319
mse: 0.0007494017481803894
psnr: 31.294806694680155
ssim: 0.8844758868217468
