lpips: 0.07927202433347702
mse: 0.0010067943949252367
psnr: 30.15608829106998
ssim: 0.886979341506958
