iterations_per_sec: 41.56088338347866
train/distortion_loss: 0.011598788832097945
train/grad_norm: 0.02092593108689544
train/interlevel_loss: 0.00036552576983178204
train/iterations_per_sec: 41.56088338347866
train/l12_reg: 0.6146968922229729
train/loss: 0.0020186973152437593
train/mse: 0.0007703677748772081
train/psnr: 31.15668065620191
train/tv_reg_l1: 0.0987698778961644
train/tv_reg_l2: 0.025650808437153547
