lpips: 0.13829569518566132
mse: 0.0029821889474987984
psnr: 25.39181887499337
ssim: 0.8692808747291565
