iterations_per_sec: 49.325978911162
train/distortion_loss: 0.00502370728763065
train/grad_norm: 0.030829705119208253
train/interlevel_loss: 0.0006598346446866565
train/iterations_per_sec: 49.325978911162
train/l12_reg: 0.8673352906198213
train/loss: 0.0035569041619321917
train/mse: 0.002771850289645219
train/psnr: 25.582707414723405
train/tv_reg_l1: 0.07097868553616783
train/tv_reg_l2: 0.012019554360045327
