lpips: 0.01360321044921875
mse: 0.00040745505248196423
psnr: 34.11727371425204
ssim: 0.9779527187347412
