lpips: 0.010985729284584522
mse: 0.00033680404885672033
psnr: 35.0667637117422
ssim: 0.9812761545181274
