iterations_per_sec: 65.63716434925979
train/distortion_loss: 0.0009610523673178947
train/grad_norm: 0.0006004461190766759
train/interlevel_loss: 0.00011218892699377988
train/iterations_per_sec: 65.63716434925979
train/l12_reg: 0.35222302121345445
train/loss: 0.0009355528851632367
train/mse: 0.0003526159356385846
train/psnr: 34.559066579799456
train/tv_reg_l1: 0.03438876358547596
train/tv_reg_l2: 0.01175639403024406
