iterations_per_sec: 42.234031762973004
train/distortion_loss: 0.029679898849942467
train/grad_norm: 0.14625770470710717
train/interlevel_loss: 0.0006919572208631746
train/iterations_per_sec: 42.234031762973004
train/l12_reg: 0.6010180236113192
train/loss: 0.015893230459304773
train/mse: 0.014525217512114481
train/psnr: 18.38202220261699
train/tv_reg_l1: 0.138505263461007
train/tv_reg_l2: 0.06463758474347567
