lpips: 0.017893563956022263
mse: 0.0005179921281524003
psnr: 33.209537162401645
ssim: 0.9655234813690186
