lpips: 0.013677976094186306
mse: 0.00030747478012926877
psnr: 35.22917501055115
ssim: 0.9719257950782776
