iterations_per_sec: 29.564087101800485
train/distortion_loss: 0.0034833795137026095
train/grad_norm: 0.019824911562744716
train/interlevel_loss: 0.00061325605598871
train/iterations_per_sec: 29.564087101800485
train/l12_reg: 0.5730677102551316
train/loss: 0.0018008886107403522
train/mse: 0.00032844842379828066
train/psnr: 34.902600606282554
train/tv_reg_l1: 0.09401834808816814
train/tv_reg_l2: 0.028263301428670836
