lpips: 0.09622946381568909
mse: 0.0008599493885412812
psnr: 30.688533356532357
ssim: 0.8743792772293091
