lpips: 0.08616245537996292
mse: 0.00106593850068748
psnr: 29.826990087355597
ssim: 0.8801559209823608
