iterations_per_sec: 54.58886052731597
train/distortion_loss: 0.010540142382560956
train/grad_norm: 0.02268348585325058
train/interlevel_loss: 0.00032077752632286513
train/iterations_per_sec: 54.58886052731597
train/l12_reg: 0.5376346641116672
train/loss: 0.001966406129103041
train/mse: 0.0008714717843409891
train/psnr: 30.620323816935223
train/tv_reg_l1: 0.08050342114886852
train/tv_reg_l2: 0.022598196536001532
