iterations_per_sec: 40.07307888783585
train/distortion_loss: 0.4583570213630946
train/grad_norm: 0.07778142810319409
train/interlevel_loss: 0.003070732844391405
train/iterations_per_sec: 40.07307888783585
train/l12_reg: 0.9711916067383506
train/loss: 0.018552714036871688
train/mse: 0.01468426040891144
train/psnr: 18.334189289748068
train/tv_reg_l1: 0.16243988516354801
train/tv_reg_l2: 0.03393637023941435
