iterations_per_sec: 42.42319738465189
train/distortion_loss: 0.02771254028711054
train/grad_norm: 0.15474901401033306
train/interlevel_loss: 0.000665883973447813
train/iterations_per_sec: 42.42319738465189
train/l12_reg: 0.5499371097545431
train/loss: 0.01584504959596829
train/mse: 0.014497785339828092
train/psnr: 18.390540787667938
train/tv_reg_l1: 0.1395709150367313
train/tv_reg_l2: 0.06536678601093966
