lpips: 0.223952516913414
mse: 0.00979661475867033
psnr: 20.151437717284647
ssim: 0.8048250079154968
