iterations_per_sec: 46.6669843338875
train/distortion_loss: 0.011648139003852401
train/grad_norm: 0.07425317243494169
train/interlevel_loss: 0.0008426154334559058
train/iterations_per_sec: 46.6669843338875
train/l12_reg: 0.959553640298169
train/loss: 0.009508277477715352
train/mse: 0.008446039838923348
train/psnr: 20.744562226112443
train/tv_reg_l1: 0.1100079503775847
train/tv_reg_l2: 0.020797411469046515
