lpips: 0.05814887955784798
mse: 0.0038992988411337137
psnr: 24.368457230289273
ssim: 0.9220863580703735
