lpips: 0.04562557861208916
mse: 0.0016459895996376872
psnr: 27.891782627937058
ssim: 0.9426133632659912
