iterations_per_sec: 22.62394115328644
train/distortion_loss: 0.012511100196702913
train/grad_norm: 0.001979161131506165
train/interlevel_loss: 0.00036783829640662954
train/iterations_per_sec: 22.62394115328644
train/l12_reg: 2.347954810267747
train/loss: 0.0020952978079687014
train/mse: 0.0017149484166028824
train/psnr: 27.681331441860006
train/tv_reg_l1: 1.8529341172690343
train/tv_reg_l2: 2.719981453635476
