lpips: 0.1393527388572693
mse: 0.0029044330585747957
psnr: 25.511690840518703
ssim: 0.868330717086792
