iterations_per_sec: 47.96771971067805
train/distortion_loss: 0.005703375359639676
train/grad_norm: 0.027879586734931277
train/interlevel_loss: 0.0008118309585067133
train/iterations_per_sec: 47.96771971067805
train/l12_reg: 0.8840249301207186
train/loss: 0.003620028237087859
train/mse: 0.0026791867861204375
train/psnr: 25.729457084578698
train/tv_reg_l1: 0.07340357911707175
train/tv_reg_l2: 0.012330712854034372
