iterations_per_sec: 41.396271987792744
train/distortion_loss: 0.4165874445679212
train/grad_norm: 0.08948449169596036
train/interlevel_loss: 0.002521619268909398
train/iterations_per_sec: 41.396271987792744
train/l12_reg: 1.1254886352654658
train/loss: 0.02596021597885122
train/mse: 0.02271803274675451
train/psnr: 16.43814572420987
train/tv_reg_l1: 0.1475505575989232
train/tv_reg_l2: 0.0303976544263688
