lpips: 0.04399879276752472
mse: 0.0016374080441892147
psnr: 27.93164790962987
ssim: 0.9451546669006348
