lpips: 0.05267217010259628
mse: 0.0033099132124334574
psnr: 25.057084084512027
ssim: 0.9286237359046936
