iterations_per_sec: 55.63482302029871
train/distortion_loss: 0.007232329351921575
train/grad_norm: 0.04157278660421419
train/interlevel_loss: 0.00035293230897455354
train/iterations_per_sec: 55.63482302029871
train/l12_reg: 0.5221337188373912
train/loss: 0.00291506575204131
train/mse: 0.0017155622028642232
train/psnr: 27.67955899479413
train/tv_reg_l1: 0.09579672130069347
train/tv_reg_l2: 0.0317205200818452
