iterations_per_sec: 30.783208776000706
train/distortion_loss: 0.31688684917459586
train/grad_norm: 0.1676589399576187
train/interlevel_loss: 0.0010488811654574943
train/iterations_per_sec: 30.783208776000706
train/l12_reg: 0.8372098628920738
train/loss: 0.006418547386096584
train/mse: 0.003493524829132689
train/psnr: 24.571231129193546
train/tv_reg_l1: 0.22557594514254367
train/tv_reg_l2: 0.07220446476430604
