iterations_per_sec: 18.096538750882686
train/distortion_loss: 0.22127432594395646
train/grad_norm: 0.15705497156489978
train/interlevel_loss: 0.0013849851792922827
train/iterations_per_sec: 18.096538750882686
train/l12_reg: 0.6854406830036279
train/loss: 0.004257319005902367
train/mse: 0.0014771920407774173
train/psnr: 28.314479770082414
train/tv_reg_l1: 0.16158282019273199
train/tv_reg_l2: 0.048842678316915876
