lpips: 0.23679816722869873
mse: 0.010305757634341717
psnr: 19.935823236289288
ssim: 0.8029986619949341
