iterations_per_sec: 50.77434458593736
train/distortion_loss: 0.011045764473201049
train/grad_norm: 0.07666773631265669
train/interlevel_loss: 0.00119056868851373
train/iterations_per_sec: 50.77434458593736
train/l12_reg: 0.9210925535722212
train/loss: 0.010330145717645534
train/mse: 0.008933114386492908
train/psnr: 20.500539895259973
train/tv_reg_l1: 0.10128391082539703
train/tv_reg_l2: 0.019541682825997622
