iterations_per_sec: 40.81417358753227
train/distortion_loss: 0.5104334110563452
train/grad_norm: 0.0714982332981596
train/interlevel_loss: 0.0013266881878459544
train/iterations_per_sec: 40.81417358753227
train/l12_reg: 1.263839679534989
train/loss: 0.01432652072510635
train/mse: 0.012244547877197315
train/psnr: 19.123124016655815
train/tv_reg_l1: 0.13475354422222485
train/tv_reg_l2: 0.02448512403049854
