lpips: 0.01726364903151989
mse: 0.0006156202289275825
psnr: 32.34010127183797
ssim: 0.9653561115264893
