lpips: 0.023557154461741447
mse: 0.0012520304881036282
psnr: 29.281262610561324
ssim: 0.9451298713684082
