iterations_per_sec: 38.82938405156529
train/distortion_loss: 0.006472065729662926
train/grad_norm: 0.03168934529101608
train/interlevel_loss: 0.0002269381405891512
train/iterations_per_sec: 38.82938405156529
train/l12_reg: 0.4572108207326947
train/loss: 0.0015255122603095993
train/mse: 0.0006477560908557151
train/psnr: 31.918641292687617
train/tv_reg_l1: 0.06281332235143643
train/tv_reg_l2: 0.018713511921691173
