lpips: 0.01657998375594616
mse: 0.0002770254504866898
psnr: 36.34278860152842
ssim: 0.9774373769760132
