lpips: 0.014261708594858646
mse: 0.00016838019655551761
psnr: 37.80320984656312
ssim: 0.9798606038093567
