iterations_per_sec: 56.52849894570664
train/distortion_loss: 0.0027400732952913252
train/grad_norm: 0.009197513996200129
train/interlevel_loss: 0.00010356367427521772
train/iterations_per_sec: 56.52849894570664
train/l12_reg: 0.35640609143960356
train/loss: 0.0007136214537442558
train/mse: 0.0001732938882666687
train/psnr: 37.64408489188762
train/tv_reg_l1: 0.033130336515229154
train/tv_reg_l2: 0.007761770040925705
