lpips: 0.014589030295610428
mse: 0.00025444733910262585
psnr: 36.72019332518075
ssim: 0.9798058867454529
