lpips: 0.012213636189699173
mse: 0.00015199987683445215
psnr: 38.254288707491106
ssim: 0.9821035265922546
