iterations_per_sec: 38.802326780812976
train/distortion_loss: 0.0024717602516627973
train/grad_norm: 0.007802354150705717
train/interlevel_loss: 0.00010310584603399603
train/iterations_per_sec: 38.802326780812976
train/l12_reg: 0.39893009626504145
train/loss: 0.0007487191004923197
train/mse: 0.0001571298238228668
train/psnr: 38.071528771911005
train/tv_reg_l1: 0.03878653478441817
train/tv_reg_l2: 0.00870815473561636
