lpips: 0.03712519630789757
mse: 0.002196019981056452
psnr: 27.214405805192552
ssim: 0.9295752644538879
