lpips: 0.02124745585024357
mse: 0.0006386810564436018
psnr: 32.1630908253237
ssim: 0.961193323135376
