iterations_per_sec: 16.66678985762926
train/distortion_loss: 0.014310709991012558
train/grad_norm: 0.03364648419723968
train/interlevel_loss: 0.0004012372863309627
train/iterations_per_sec: 16.66678985762926
train/l12_reg: 2.576174198979079
train/loss: 0.0010752457580905446
train/mse: 0.0006596977599647197
train/psnr: 31.840023676554363
train/tv_reg_l1: 1.9805769703604958
train/tv_reg_l2: 3.165035938975787
