lpips: 0.18190084397792816
mse: 0.005284230690449476
psnr: 22.861238865775068
ssim: 0.8020207285881042
