iterations_per_sec: 51.65754225862094
train/distortion_loss: 0.01519522602397083
train/grad_norm: 0.06206186597395425
train/interlevel_loss: 0.0012708384922301076
train/iterations_per_sec: 51.65754225862094
train/l12_reg: 0.8805157506104672
train/loss: 0.006202904869698816
train/mse: 0.004774375809262497
train/psnr: 23.219510839443014
train/tv_reg_l1: 0.08575389142891374
train/tv_reg_l2: 0.014249532502332721
