lpips: 0.020634686574339867
mse: 0.000565818976610899
psnr: 32.761559088429436
ssim: 0.9622093439102173
