lpips: 0.016201511025428772
mse: 0.0003433064848650247
psnr: 34.75089587820901
ssim: 0.9692071676254272
