iterations_per_sec: 32.129275329185106
train/distortion_loss: 0.0036391370689891505
train/grad_norm: 0.019474387926171826
train/interlevel_loss: 0.0005345231329556555
train/iterations_per_sec: 32.129275329185106
train/l12_reg: 0.5528336179376853
train/loss: 0.001718728997123738
train/mse: 0.00036158396055771395
train/psnr: 34.47039783362186
train/tv_reg_l1: 0.08525908565280413
train/tv_reg_l2: 0.02661491074420587
