lpips: 0.018831538036465645
mse: 0.0005270927213132381
psnr: 33.12178691894219
ssim: 0.9641461968421936
