lpips: 0.014447012916207314
mse: 0.00031135109020397067
psnr: 35.174006130765484
ssim: 0.9706734418869019
