iterations_per_sec: 50.794287458057504
train/distortion_loss: 0.003525766957965162
train/grad_norm: 0.019347880294339523
train/interlevel_loss: 0.0004419649582511435
train/iterations_per_sec: 50.794287458057504
train/l12_reg: 0.4996645077310427
train/loss: 0.001519563451475191
train/mse: 0.0003332349217750809
train/psnr: 34.825098249647354
train/tv_reg_l1: 0.0774795181974016
train/tv_reg_l2: 0.024117328997964812
