lpips: 0.012639147229492664
mse: 0.0002826591662596911
psnr: 35.57696465399407
ssim: 0.9732857346534729
