lpips: 0.016652259975671768
mse: 0.00047880876809358597
psnr: 33.550203049488736
ssim: 0.9672238230705261
