iterations_per_sec: 49.1020389557382
train/distortion_loss: 0.003429883253770043
train/grad_norm: 0.019177165333971832
train/interlevel_loss: 0.00047990241860547525
train/iterations_per_sec: 49.1020389557382
train/l12_reg: 0.4791009992060035
train/loss: 0.0014965350885471009
train/mse: 0.00030628730460055965
train/psnr: 35.19704086611969
train/tv_reg_l1: 0.06971404979927372
train/tv_reg_l2: 0.022781447422775356
