lpips: 0.01173797994852066
mse: 0.0003723525151144713
psnr: 34.49359456134758
ssim: 0.9800240397453308
