lpips: 0.009047741070389748
mse: 0.00029286128119565547
psnr: 35.640834428995916
ssim: 0.9835211038589478
