iterations_per_sec: 16.25638216104828
train/distortion_loss: 0.0009367956169598708
train/grad_norm: 0.012026873896970894
train/interlevel_loss: 0.00014706532348293078
train/iterations_per_sec: 16.25638216104828
train/l12_reg: 2.3831710815429688
train/loss: 0.0004509612365221285
train/mse: 0.00030295911725408236
train/psnr: 35.22022867684412
train/tv_reg_l1: 1.2492871549394395
train/tv_reg_l2: 1.4899556456190166
