iterations_per_sec: 32.314241683599334
train/distortion_loss: 0.13268436521592766
train/grad_norm: 0.3981496804591381
train/interlevel_loss: 0.0016605571156950913
train/iterations_per_sec: 32.314241683599334
train/l12_reg: 0.7756515596852158
train/loss: 0.00788778548759192
train/mse: 0.004715731118175417
train/psnr: 23.268313745055536
train/tv_reg_l1: 0.1880643984886131
train/tv_reg_l2: 0.06031612641733102
