lpips: 0.060520563274621964
mse: 0.0041295262053608894
psnr: 24.137211776536887
ssim: 0.9212232828140259
