lpips: 0.04469398409128189
mse: 0.0015428434126079082
psnr: 28.182066965511144
ssim: 0.9448184370994568
