iterations_per_sec: 16.7478005126633
train/distortion_loss: 0.01994817741591521
train/grad_norm: 0.041623058249101494
train/interlevel_loss: 0.000761926692741161
train/iterations_per_sec: 16.7478005126633
train/l12_reg: 2.4418785499803946
train/loss: 0.0024029373243037197
train/mse: 0.0016210624581259308
train/psnr: 27.928356922034062
train/tv_reg_l1: 1.820651169979211
train/tv_reg_l2: 2.477358584452157
