lpips: 0.012466765940189362
mse: 0.00015119901217985898
psnr: 38.27804154777049
ssim: 0.982245922088623
