lpips: 0.014722791500389576
mse: 0.0002630487142596394
psnr: 36.68038935181531
ssim: 0.9799960255622864
