iterations_per_sec: 41.369178308353476
train/distortion_loss: 0.002387288590949593
train/grad_norm: 0.00866628421536374
train/interlevel_loss: 9.667155826158558e-05
train/iterations_per_sec: 41.369178308353476
train/l12_reg: 0.3683592032904577
train/loss: 0.0007030138454277708
train/mse: 0.000155343747397325
train/psnr: 38.123707087353026
train/tv_reg_l1: 0.03398264523106392
train/tv_reg_l2: 0.008025202589730421
