lpips: 0.22089965641498566
mse: 0.009780487045645714
psnr: 20.145975405210812
ssim: 0.809715747833252
