iterations_per_sec: 46.76206412125086
train/distortion_loss: 0.011432244423588719
train/grad_norm: 0.07190580101627292
train/interlevel_loss: 0.001146310652286341
train/iterations_per_sec: 46.76206412125086
train/l12_reg: 0.9139956073327498
train/loss: 0.009887741502336782
train/mse: 0.008529106531329829
train/psnr: 20.701681638004803
train/tv_reg_l1: 0.10432180604248335
train/tv_reg_l2: 0.020089213726948007
