iterations_per_sec: 39.625739862872756
train/distortion_loss: 0.17767489934810485
train/grad_norm: 0.014147494373974777
train/interlevel_loss: 0.0009843803485949532
train/iterations_per_sec: 39.625739862872756
train/l12_reg: 0.7364312332085888
train/loss: 0.007212886920744422
train/mse: 0.005922917521210632
train/psnr: 22.277045317370483
train/tv_reg_l1: 0.07134001273097414
train/tv_reg_l2: 0.012791417332159149
