iterations_per_sec: 48.36981647332557
train/distortion_loss: 0.24906958474053276
train/grad_norm: 0.18332074657835143
train/interlevel_loss: 0.0006988069872757551
train/iterations_per_sec: 48.36981647332557
train/l12_reg: 0.8886334498723348
train/loss: 0.004355312165136289
train/mse: 0.0020306852911928237
train/psnr: 26.93247007119535
train/tv_reg_l1: 0.1937320205298337
train/tv_reg_l2: 0.04881168021397157
