lpips: 0.04395054280757904
mse: 0.0016693563666194677
psnr: 27.841515349442606
ssim: 0.9458032846450806
