lpips: 0.050816889852285385
mse: 0.0030604293569922447
psnr: 25.36721951177792
ssim: 0.9314584136009216
