iterations_per_sec: 65.85567587847152
train/distortion_loss: 0.004016093164212023
train/grad_norm: 0.0015523553357901748
train/interlevel_loss: 0.00025828019098491603
train/iterations_per_sec: 65.85567587847152
train/l12_reg: 0.4776631268587979
train/loss: 0.0027539116292815617
train/mse: 0.0017388429059976278
train/psnr: 27.61833285322093
train/tv_reg_l1: 0.07429353945484066
train/tv_reg_l2: 0.027510932693728292
