lpips: 0.04059620946645737
mse: 0.001471221330575645
psnr: 28.40311787261201
ssim: 0.9499022960662842
