lpips: 0.05020643770694733
mse: 0.0031480032484978437
psnr: 25.316509603933937
ssim: 0.9318162798881531
