iterations_per_sec: 54.68488982891973
train/distortion_loss: 0.006268858726164608
train/grad_norm: 0.0014185003672886377
train/interlevel_loss: 0.00027645306662900956
train/iterations_per_sec: 54.68488982891973
train/l12_reg: 0.5197803221567713
train/loss: 0.0026876859324560924
train/mse: 0.0015664481560257498
train/psnr: 28.0769837697347
train/tv_reg_l1: 0.09353095819853773
train/tv_reg_l2: 0.03187354507319855
