lpips: 0.015533637255430222
mse: 0.0003440161526668817
psnr: 34.72902745358833
ssim: 0.968718945980072
