lpips: 0.01991075836122036
mse: 0.0005723703652620316
psnr: 32.739564868357114
ssim: 0.9619824290275574
