iterations_per_sec: 65.08705070949853
train/distortion_loss: 0.0034990620639438583
train/grad_norm: 0.0007608036841077711
train/interlevel_loss: 0.0005442999312748211
train/iterations_per_sec: 65.08705070949853
train/l12_reg: 0.5520514502669825
train/loss: 0.0017461498489020147
train/mse: 0.00037143083325718917
train/psnr: 34.35783598158095
train/tv_reg_l1: 0.08395713868767324
train/tv_reg_l2: 0.02748685187161571
