lpips: 0.1812591552734375
mse: 0.005200275219976902
psnr: 22.946186228356577
ssim: 0.8024768233299255
