iterations_per_sec: 48.595814064557025
train/distortion_loss: 0.015364006998939346
train/grad_norm: 0.06265878703708601
train/interlevel_loss: 0.0014676443157679957
train/iterations_per_sec: 48.595814064557025
train/l12_reg: 0.9625352404334329
train/loss: 0.006362536395288477
train/mse: 0.004732798211126014
train/psnr: 23.257926073941317
train/tv_reg_l1: 0.08582871437373787
train/tv_reg_l2: 0.014672986513963251
