iterations_per_sec: 15.957536928912052
train/distortion_loss: 0.07399763911962509
train/grad_norm: 0.14160578020594336
train/interlevel_loss: 0.002008537862995508
train/iterations_per_sec: 15.957536928912052
train/l12_reg: 2.302758792434076
train/loss: 0.004730696074965626
train/mse: 0.002648160571815691
train/psnr: 25.780688892711293
train/tv_reg_l1: 1.7031291313845702
train/tv_reg_l2: 2.382796118957828
