lpips: 0.014866745099425316
mse: 0.0002888927992898971
psnr: 36.34454462278426
ssim: 0.9782718420028687
