lpips: 0.01169776450842619
mse: 0.00015228046686388552
psnr: 38.25046735872112
ssim: 0.9813891053199768
