iterations_per_sec: 15.495886333586379
train/distortion_loss: 0.0029851235284686388
train/grad_norm: 0.007907149607710766
train/interlevel_loss: 0.00010727814742954298
train/iterations_per_sec: 15.495886333586379
train/l12_reg: 2.136610577804874
train/loss: 0.00026604843709848334
train/mse: 0.00015578516644326913
train/psnr: 38.10678281687727
train/tv_reg_l1: 1.3248311750816577
train/tv_reg_l2: 1.552203530012959
