iterations_per_sec: 41.89313076300032
train/distortion_loss: 0.49212975935502484
train/grad_norm: 0.06382472673901404
train/interlevel_loss: 0.0021412590179931035
train/iterations_per_sec: 41.89313076300032
train/l12_reg: 0.8232663400245436
train/loss: 0.022904918895977917
train/mse: 0.019993441160580123
train/psnr: 16.992786291873816
train/tv_reg_l1: 0.12454794979456699
train/tv_reg_l2: 0.02780890395168704
