lpips: 0.1391407996416092
mse: 0.002940189791843295
psnr: 25.465406377110234
ssim: 0.8683421611785889
