iterations_per_sec: 52.24546168919175
train/distortion_loss: 0.005429232140269243
train/grad_norm: 0.03122370128491611
train/interlevel_loss: 0.0007144522816742385
train/iterations_per_sec: 52.24546168919175
train/l12_reg: 0.8859569863839583
train/loss: 0.0035282190644530336
train/mse: 0.0026921026262859203
train/psnr: 25.709754674121587
train/tv_reg_l1: 0.06944810508778601
train/tv_reg_l2: 0.011623492859529726
