lpips: 0.18118061125278473
mse: 0.0051679229363799095
psnr: 22.967785583868125
ssim: 0.8023417592048645
