iterations_per_sec: 46.28035890930081
train/distortion_loss: 0.017290360595315996
train/grad_norm: 0.05736194900942571
train/interlevel_loss: 0.001395913271346327
train/iterations_per_sec: 46.28035890930081
train/l12_reg: 0.9090148403186991
train/loss: 0.006249095031032057
train/mse: 0.004693618933246894
train/psnr: 23.29520963418363
train/tv_reg_l1: 0.08568677133080935
train/tv_reg_l2: 0.014227248803533689
