lpips: 0.0866076871752739
mse: 0.0010986252455040812
psnr: 29.708392146355962
ssim: 0.8788607716560364
