lpips: 0.0952049046754837
mse: 0.0008686560322530568
psnr: 30.647102098008727
ssim: 0.8739030957221985
