iterations_per_sec: 51.002965457440894
train/distortion_loss: 0.011338715601449062
train/grad_norm: 0.022515383078669658
train/interlevel_loss: 0.000326326665776603
train/iterations_per_sec: 51.002965457440894
train/l12_reg: 0.5410137080182933
train/loss: 0.001992875645454559
train/mse: 0.0008878696796888805
train/psnr: 30.541862160268455
train/tv_reg_l1: 0.08148703671465016
train/tv_reg_l2: 0.022632688603768446
