lpips: 0.0825362280011177
mse: 0.0007315233815461397
psnr: 31.39753750005658
ssim: 0.8867301940917969
