lpips: 0.07574824243783951
mse: 0.0009559869067743421
psnr: 30.344878468455082
ssim: 0.889483630657196
