iterations_per_sec: 33.94975095219462
train/distortion_loss: 0.011401770260147374
train/grad_norm: 0.020867447528724718
train/interlevel_loss: 0.000315112982243958
train/iterations_per_sec: 33.94975095219462
train/l12_reg: 0.5293729022295788
train/loss: 0.0018381985525290172
train/mse: 0.0007592098119508739
train/psnr: 31.222328089704416
train/tv_reg_l1: 0.07904006886963892
train/tv_reg_l2: 0.022310106779890832
