iterations_per_sec: 18.369124013195574
train/distortion_loss: 0.18808758379233004
train/grad_norm: 0.34424802691045436
train/interlevel_loss: 0.0018031871877610683
train/iterations_per_sec: 18.369124013195574
train/l12_reg: 0.7489596382536069
train/loss: 0.008780252715252866
train/mse: 0.005329140255020725
train/psnr: 22.736615710788303
train/tv_reg_l1: 0.20247383927456056
train/tv_reg_l2: 0.0710877947735064
