lpips: 0.14000210165977478
mse: 0.0030286526307463646
psnr: 25.201499406371752
ssim: 0.916918933391571
