iterations_per_sec: 29.107610209336865
train/distortion_loss: 0.0034036043457536386
train/grad_norm: 0.07808712019462778
train/interlevel_loss: 0.0005540437020380238
train/iterations_per_sec: 29.107610209336865
train/l12_reg: 0.8363470435142517
train/loss: 0.003610434786727031
train/mse: 0.0028834059984997064
train/psnr: 25.426585130017212
train/tv_reg_l1: 0.09132135584197863
train/tv_reg_l2: 0.016958148848980364
