iterations_per_sec: 39.86469703089928
train/distortion_loss: 0.5228439226295009
train/grad_norm: 0.04982914055010887
train/interlevel_loss: 0.0016249074939299714
train/iterations_per_sec: 39.86469703089928
train/l12_reg: 1.2121370260161584
train/loss: 0.006901639631262633
train/mse: 0.0045575447135952985
train/psnr: 23.419636254358775
train/tv_reg_l1: 0.12037869693353923
train/tv_reg_l2: 0.01963434823685222
