lpips: 0.076645128428936
mse: 0.0009610941051505506
psnr: 30.312759914831723
ssim: 0.88885498046875
