lpips: 0.0837264433503151
mse: 0.0007377763977274299
psnr: 31.35773165254703
ssim: 0.8863005042076111
