iterations_per_sec: 41.344359390897296
train/distortion_loss: 0.010962649954087807
train/grad_norm: 0.02172078307003084
train/interlevel_loss: 0.000320364329246616
train/iterations_per_sec: 41.344359390897296
train/l12_reg: 0.5237207810084025
train/loss: 0.0018328495730523659
train/mse: 0.0007569698500446975
train/psnr: 31.233403735690647
train/tv_reg_l1: 0.07686711862833813
train/tv_reg_l2: 0.02208319389157825
