lpips: 0.013240998610854149
mse: 0.0002844155242200941
psnr: 35.57666700677592
ssim: 0.9740747213363647
