lpips: 0.01745140366256237
mse: 0.0005067565944045782
psnr: 33.30486797707708
ssim: 0.9670649766921997
