iterations_per_sec: 38.855188551744966
train/distortion_loss: 0.0036279872163302368
train/grad_norm: 0.01655321681608606
train/interlevel_loss: 0.0005475812429336436
train/iterations_per_sec: 38.855188551744966
train/l12_reg: 0.5259015957514445
train/loss: 0.0016370098179469656
train/mse: 0.0003075378132934654
train/psnr: 35.183821456600924
train/tv_reg_l1: 0.08027136212948596
train/tv_reg_l2: 0.02523611747481004
