lpips: 0.014173205941915512
mse: 0.00017028370348270983
psnr: 37.7568455922459
ssim: 0.9801020622253418
