lpips: 0.016495192423462868
mse: 0.00027160142781212926
psnr: 36.36486136998302
ssim: 0.9780587553977966
