iterations_per_sec: 42.65225117451422
train/distortion_loss: 0.002582823775351198
train/grad_norm: 0.010643514221289544
train/interlevel_loss: 0.00010553740889229107
train/iterations_per_sec: 42.65225117451422
train/l12_reg: 0.38019771678279146
train/loss: 0.0007460101688694623
train/mse: 0.00017468644790539538
train/psnr: 37.61167360556246
train/tv_reg_l1: 0.035111746854252286
train/tv_reg_l2: 0.008300576622437949
