iterations_per_sec: 13.406079712754199
train/distortion_loss: 0.3210829941913335
train/grad_norm: 0.17523703370431457
train/interlevel_loss: 0.001499712664746877
train/iterations_per_sec: 13.406079712754199
train/l12_reg: 2.303969727622138
train/loss: 0.004610511173277793
train/mse: 0.0027897155025240145
train/psnr: 25.555004851986663
train/tv_reg_l1: 1.6181460269773849
train/tv_reg_l2: 2.0187185942524613
