lpips: 0.17011170089244843
mse: 0.005055128131061792
psnr: 23.068946104988598
ssim: 0.8068082332611084
