iterations_per_sec: 47.892330590068724
train/distortion_loss: 0.014794866432144184
train/grad_norm: 0.060574239627881485
train/interlevel_loss: 0.0007647373631239088
train/iterations_per_sec: 47.892330590068724
train/l12_reg: 0.9466742837067806
train/loss: 0.0054527106788950135
train/mse: 0.004497605935679843
train/psnr: 23.47929574985697
train/tv_reg_l1: 0.09868437962399589
train/tv_reg_l2: 0.01755724721258939
