iterations_per_sec: 36.14245467694881
train/distortion_loss: 0.276244282120406
train/grad_norm: 0.43073771337066036
train/interlevel_loss: 0.004277874485147421
train/iterations_per_sec: 36.14245467694881
train/l12_reg: 0.7898507924995037
train/loss: 0.030485924220446384
train/mse: 0.023969095087412632
train/psnr: 16.20493747248794
train/tv_reg_l1: 0.24524503268978812
train/tv_reg_l2: 0.11728590169940332
