lpips: 0.23772089183330536
mse: 0.005091166123747826
psnr: 23.027907060302596
ssim: 0.7584248185157776
