iterations_per_sec: 47.01953079755169
train/distortion_loss: 0.01960940504766474
train/grad_norm: 0.08430882407860323
train/interlevel_loss: 0.0005427166640833773
train/iterations_per_sec: 47.01953079755169
train/l12_reg: 0.9360341194904211
train/loss: 0.005201078796138366
train/mse: 0.004450269925379844
train/psnr: 23.532346918125345
train/tv_reg_l1: 0.10192962397228587
train/tv_reg_l2: 0.01884828024365083
