lpips: 0.01812414638698101
mse: 0.0006334056961350143
psnr: 32.21661990149689
ssim: 0.9643367528915405
