lpips: 0.024002866819500923
mse: 0.0012799262767657638
psnr: 29.181793312940798
ssim: 0.944212794303894
