iterations_per_sec: 38.53944854711352
train/distortion_loss: 0.006708866846042149
train/grad_norm: 0.02742402624301236
train/interlevel_loss: 0.00016340652743537882
train/iterations_per_sec: 38.53944854711352
train/l12_reg: 0.4027406428799485
train/loss: 0.0014239166230621814
train/mse: 0.0006702680268908164
train/psnr: 31.766108156454685
train/tv_reg_l1: 0.05221276075551004
train/tv_reg_l2: 0.018079254155357678
