iterations_per_sec: 17.22691699782361
train/distortion_loss: 0.1201370760346904
train/grad_norm: 0.2965432480730192
train/interlevel_loss: 0.00289849841713228
train/iterations_per_sec: 17.22691699782361
train/l12_reg: 2.108900026841597
train/loss: 0.010771853040264111
train/mse: 0.007753217536391634
train/psnr: 21.10702098499645
train/tv_reg_l1: 1.3880972922450365
train/tv_reg_l2: 1.89532355347065
