lpips: 0.1424371749162674
mse: 0.00443858839571476
psnr: 23.64033449749604
ssim: 0.8271658420562744
