iterations_per_sec: 51.55930022778695
train/distortion_loss: 0.01187759345265651
train/grad_norm: 0.06629600302513802
train/interlevel_loss: 0.000802546326245059
train/iterations_per_sec: 51.55930022778695
train/l12_reg: 0.9150968856281705
train/loss: 0.004958174600632805
train/mse: 0.0039688788702466875
train/psnr: 24.024989600133413
train/tv_reg_l1: 0.09290515797005759
train/tv_reg_l2: 0.017487179732533418
