lpips: 0.015033154748380184
mse: 0.0003226627304684371
psnr: 35.03278402947722
ssim: 0.9702990651130676
