lpips: 0.019650107249617577
mse: 0.0005839059012942016
psnr: 32.69090708618342
ssim: 0.9622212052345276
