iterations_per_sec: 17.755489617248482
train/distortion_loss: 0.0038091483093196095
train/grad_norm: 0.016391331880268725
train/interlevel_loss: 0.0007201065015367637
train/iterations_per_sec: 17.755489617248482
train/l12_reg: 2.369440673577665
train/loss: 0.001067227224179666
train/mse: 0.00034331156980396823
train/psnr: 34.69143800061158
train/tv_reg_l1: 1.5904075497328634
train/tv_reg_l2: 2.0987875533826426
