lpips: 0.12981052696704865
mse: 0.0027942496817559004
psnr: 25.555847239180217
ssim: 0.9203131198883057
