iterations_per_sec: 46.717164568557905
train/distortion_loss: 0.003237324811499378
train/grad_norm: 0.07027664054373298
train/interlevel_loss: 0.0003534766064599307
train/iterations_per_sec: 46.717164568557905
train/l12_reg: 0.9223091716718193
train/loss: 0.003173065623456631
train/mse: 0.0026334987605235193
train/psnr: 25.819056944413617
train/tv_reg_l1: 0.09510499698044074
train/tv_reg_l2: 0.018285292699330984
