lpips: 0.013597636483609676
mse: 0.00030109984800219536
psnr: 35.313907095065716
ssim: 0.971811056137085
