lpips: 0.01818864792585373
mse: 0.0005063441931270063
psnr: 33.277040105538156
ssim: 0.9651034474372864
