iterations_per_sec: 56.49988409244403
train/distortion_loss: 0.003616994752482784
train/grad_norm: 0.020517149441546263
train/interlevel_loss: 0.000451641051143389
train/iterations_per_sec: 56.49988409244403
train/l12_reg: 0.5069490821674617
train/loss: 0.0015245984882266835
train/mse: 0.0003195128911010206
train/psnr: 34.992150162205554
train/tv_reg_l1: 0.07548807049640502
train/tv_reg_l2: 0.024287845412589083
