lpips: 0.1265682876110077
mse: 0.0027500498108565807
psnr: 25.629553878877687
ssim: 0.9205354452133179
