iterations_per_sec: 48.08288643875779
train/distortion_loss: 0.005009927509371379
train/grad_norm: 0.06259553284958155
train/interlevel_loss: 0.0005419326845010874
train/iterations_per_sec: 48.08288643875779
train/l12_reg: 0.8114008801152007
train/loss: 0.0033075717310750426
train/mse: 0.0025859201030636377
train/psnr: 25.8949484006323
train/tv_reg_l1: 0.09425297943931638
train/tv_reg_l2: 0.01747090064666488
