iterations_per_sec: 43.119295304198104
train/distortion_loss: 0.08822157670452137
train/grad_norm: 0.15901415855294526
train/interlevel_loss: 0.0010197156478152281
train/iterations_per_sec: 43.119295304198104
train/l12_reg: 0.7103423403971123
train/loss: 0.023888508027250118
train/mse: 0.02220886027572131
train/psnr: 16.536447756218188
train/tv_reg_l1: 0.14712023900614846
train/tv_reg_l2: 0.057171068746935234
