lpips: 0.03105578012764454
mse: 0.0014932124176993966
psnr: 28.465157375046473
ssim: 0.9354822635650635
