lpips: 0.025248808786273003
mse: 0.0008333559962920845
psnr: 31.017597194035194
ssim: 0.9548818469047546
