iterations_per_sec: 38.751683469755264
train/distortion_loss: 0.0066300395998464086
train/grad_norm: 0.0011686119056927662
train/interlevel_loss: 0.0002255644302373056
train/iterations_per_sec: 38.751683469755264
train/l12_reg: 0.5037243077249238
train/loss: 0.001849326171037374
train/mse: 0.000871506099226988
train/psnr: 30.62639731590194
train/tv_reg_l1: 0.07391315668520301
train/tv_reg_l2: 0.024190124895687056
