lpips: 0.04768182337284088
mse: 0.0030111593659967184
psnr: 25.49151670429663
ssim: 0.9342946410179138
