lpips: 0.039084967225790024
mse: 0.0014315183507278562
psnr: 28.512360759267196
ssim: 0.9512699842453003
