iterations_per_sec: 47.449067354647056
train/distortion_loss: 0.005329744086008181
train/grad_norm: 0.001399682987613058
train/interlevel_loss: 0.0002327386602627659
train/iterations_per_sec: 47.449067354647056
train/l12_reg: 0.47513017299199345
train/loss: 0.0025087158205081717
train/mse: 0.0015207764285738873
train/psnr: 28.201343401513917
train/tv_reg_l1: 0.07903884163107534
train/tv_reg_l2: 0.02747408210328131
