lpips: 0.08687788993120193
mse: 0.0007721008150838315
psnr: 31.156146662283728
ssim: 0.8834309577941895
