lpips: 0.0798867791891098
mse: 0.0010272430954501033
psnr: 30.061541469185514
ssim: 0.8859968781471252
