iterations_per_sec: 41.58674692766882
train/distortion_loss: 0.011429934969378842
train/grad_norm: 0.022187278671848654
train/interlevel_loss: 0.0003185452545894253
train/iterations_per_sec: 41.58674692766882
train/l12_reg: 0.5279731991315129
train/loss: 0.0018720063616079513
train/mse: 0.0007972693519967825
train/psnr: 31.008458551734385
train/tv_reg_l1: 0.07625114880125931
train/tv_reg_l2: 0.021678860158179745
