iterations_per_sec: 11.675537713580724
train/distortion_loss: 0.062126948676928126
train/grad_norm: 0.11638900306489733
train/interlevel_loss: 0.0010592831837276768
train/iterations_per_sec: 11.675537713580724
train/l12_reg: 1.9655567973551125
train/loss: 0.0021117697258225894
train/mse: 0.0009903595859250712
train/psnr: 30.047494811241073
train/tv_reg_l1: 1.3940579277096372
train/tv_reg_l2: 1.835578719774882
