lpips: 0.015166185796260834
mse: 0.0005009945016354322
psnr: 33.06595554474646
ssim: 0.9775951504707336
