lpips: 0.02175373025238514
mse: 0.0011031696340069175
psnr: 29.748988789488966
ssim: 0.9635450839996338
