iterations_per_sec: 23.374302335122795
train/distortion_loss: 0.014748392720716168
train/grad_norm: 0.0010803275138393722
train/interlevel_loss: 0.000391206119651671
train/iterations_per_sec: 23.374302335122795
train/l12_reg: 2.381470463492654
train/loss: 0.0009273294103096681
train/mse: 0.0005213749042895595
train/psnr: 32.85577596799292
train/tv_reg_l1: 2.0803191854496195
train/tv_reg_l2: 3.064648327201304
