lpips: 0.011543162167072296
mse: 0.00034789874916896224
psnr: 34.93134437478314
ssim: 0.9795368909835815
