lpips: 0.015110267326235771
mse: 0.0004349585506133735
psnr: 33.846902271707734
ssim: 0.975638747215271
