iterations_per_sec: 18.87586988062991
train/distortion_loss: 0.0010395899792484036
train/grad_norm: 0.0006913422874993447
train/interlevel_loss: 0.00020717557433244744
train/iterations_per_sec: 18.87586988062991
train/l12_reg: 2.2183557809001266
train/loss: 0.0005707575329885151
train/mse: 0.0003625423690972078
train/psnr: 34.439569916388
train/tv_reg_l1: 1.4279694894347528
train/tv_reg_l2: 1.8746961969317812
