iterations_per_sec: 17.90313921402869
train/distortion_loss: 0.0732088265846474
train/grad_norm: 0.16344169203681175
train/interlevel_loss: 0.002330413798453531
train/iterations_per_sec: 17.90313921402869
train/l12_reg: 2.334186151774243
train/loss: 0.005184642471975148
train/mse: 0.002781019833014168
train/psnr: 25.566474452163234
train/tv_reg_l1: 1.7109022465619175
train/tv_reg_l2: 2.3417231940259837
