lpips: 0.00753903528675437
mse: 0.00021933579409960657
psnr: 36.666599016367385
ssim: 0.9796516299247742
