lpips: 0.010208270512521267
mse: 0.0003527503868099302
psnr: 34.885505294991226
ssim: 0.9755120277404785
