iterations_per_sec: 59.881764368385376
train/distortion_loss: 0.003081519549449134
train/grad_norm: 0.0006247064459720871
train/interlevel_loss: 0.0005025141169857987
train/iterations_per_sec: 59.881764368385376
train/l12_reg: 0.46009986298252836
train/loss: 0.0014135642341723798
train/mse: 0.00023418946519160097
train/psnr: 36.35750225336865
train/tv_reg_l1: 0.06567794129703984
train/tv_reg_l2: 0.02136792547323487
