iterations_per_sec: 36.73497017047838
train/distortion_loss: 0.45284368624590865
train/grad_norm: 0.08203083792268628
train/interlevel_loss: 0.002841344747617088
train/iterations_per_sec: 36.73497017047838
train/l12_reg: 1.1559790890626234
train/loss: 0.01733887605745383
train/mse: 0.013683053119239784
train/psnr: 18.640725434428514
train/tv_reg_l1: 0.16206085742121995
train/tv_reg_l2: 0.036163454517872645
