iterations_per_sec: 44.34201100294833
train/distortion_loss: 0.03258616172454574
train/grad_norm: 0.09917483373422815
train/interlevel_loss: 0.00032742537300553965
train/iterations_per_sec: 44.34201100294833
train/l12_reg: 0.5861682988176442
train/loss: 0.0015692636582323096
train/mse: 0.00042089782161355924
train/psnr: 33.785199174977315
train/tv_reg_l1: 0.09224933415952355
train/tv_reg_l2: 0.02021859795080893
