lpips: 0.22674398124217987
mse: 0.010099224746227264
psnr: 20.023140769902273
ssim: 0.8072085380554199
