iterations_per_sec: 51.31423318837651
train/distortion_loss: 0.01046528211898274
train/grad_norm: 0.07364615523303399
train/interlevel_loss: 0.0006535849439902137
train/iterations_per_sec: 51.31423318837651
train/l12_reg: 1.0041463820621221
train/loss: 0.009599863410447582
train/mse: 0.008708091132869624
train/psnr: 20.612098732379952
train/tv_reg_l1: 0.11820414308646712
train/tv_reg_l2: 0.022772204582438324
