lpips: 0.07672663778066635
mse: 0.0009577812161296606
psnr: 30.317466087416488
ssim: 0.889173150062561
