lpips: 0.0846206545829773
mse: 0.0007357847061939538
psnr: 31.367524749247412
ssim: 0.8864315748214722
