iterations_per_sec: 41.9188065691791
train/distortion_loss: 0.011134382008076316
train/grad_norm: 0.02225607708849088
train/interlevel_loss: 0.0003400701271591125
train/iterations_per_sec: 41.9188065691791
train/l12_reg: 0.5306253758343783
train/loss: 0.0018644441328378339
train/mse: 0.0007593657332237321
train/psnr: 31.22243468930023
train/tv_reg_l1: 0.07937091318043796
train/tv_reg_l2: 0.022324851460077545
