lpips: 0.043457236140966415
mse: 0.0016533866291865706
psnr: 27.89208157980801
ssim: 0.9450951218605042
