lpips: 0.05149376764893532
mse: 0.0031046224758028984
psnr: 25.31389689173367
ssim: 0.9295991659164429
