iterations_per_sec: 64.37921288800993
train/distortion_loss: 0.005518901495808604
train/grad_norm: 0.0015150102847867242
train/interlevel_loss: 0.00027033499285644577
train/iterations_per_sec: 64.37921288800993
train/l12_reg: 0.5084735317663713
train/loss: 0.002838640690150887
train/mse: 0.0017430221090431917
train/psnr: 27.608122738924894
train/tv_reg_l1: 0.08611846971090394
train/tv_reg_l2: 0.031129113426714233
