lpips: 0.011905927211046219
mse: 0.00026985545991919935
psnr: 35.785730018403115
ssim: 0.974984884262085
