lpips: 0.01638663001358509
mse: 0.0004876112216152251
psnr: 33.51172424096801
ssim: 0.9682074189186096
