iterations_per_sec: 51.764191559921564
train/distortion_loss: 0.003538346273184876
train/grad_norm: 0.0006593072979776848
train/interlevel_loss: 0.0005608459286664546
train/iterations_per_sec: 51.764191559921564
train/l12_reg: 0.5290302122482146
train/loss: 0.0016524959143928506
train/mse: 0.0002951054102411926
train/psnr: 35.362828957914104
train/tv_reg_l1: 0.08031644122769134
train/tv_reg_l2: 0.026397599170755858
