lpips: 0.008565684780478477
mse: 0.00035513436887413263
psnr: 34.729102937071964
ssim: 0.9855652451515198
