lpips: 0.010892149992287159
mse: 0.0005084727890789509
psnr: 33.140721862797534
ssim: 0.9823710918426514
