iterations_per_sec: 16.800410590822402
train/distortion_loss: 0.0035547066522254186
train/grad_norm: 0.03040431419180499
train/interlevel_loss: 9.394305049103092e-05
train/iterations_per_sec: 16.800410590822402
train/l12_reg: 2.0670380809090356
train/loss: 0.00048319115909051637
train/mse: 0.00038569340231884837
train/psnr: 34.19059903693922
train/tv_reg_l1: 1.3934834388771442
train/tv_reg_l2: 1.5354302844615897
