lpips: 0.017757641151547432
mse: 0.0006343228160403669
psnr: 32.201553770923034
ssim: 0.9648151397705078
