lpips: 0.023807037621736526
mse: 0.0012713681207969785
psnr: 29.214061684194416
ssim: 0.9445388913154602
