iterations_per_sec: 41.23552675774358
train/distortion_loss: 0.006505673379646708
train/grad_norm: 0.036773698338580255
train/interlevel_loss: 0.00022660940297587653
train/iterations_per_sec: 41.23552675774358
train/l12_reg: 0.46639482391000997
train/loss: 0.0015563068328180699
train/mse: 0.0006669638190427889
train/psnr: 31.78939474471892
train/tv_reg_l1: 0.06382389306420028
train/tv_reg_l2: 0.018983308564532887
