lpips: 0.020439598709344864
mse: 0.0006846734322607517
psnr: 31.872551769821325
ssim: 0.9618555307388306
