lpips: 0.026870686560869217
mse: 0.0013505161041393876
psnr: 28.940095716088944
ssim: 0.9414031505584717
