iterations_per_sec: 49.72991803686545
train/distortion_loss: 0.006541183096065064
train/grad_norm: 0.0009799141247493375
train/interlevel_loss: 0.00021798383665619175
train/iterations_per_sec: 49.72991803686545
train/l12_reg: 0.48662499406120996
train/loss: 0.001673052949369932
train/mse: 0.0007290098912581199
train/psnr: 31.401262437454378
train/tv_reg_l1: 0.06984322510584436
train/tv_reg_l2: 0.023289303361165404
