iterations_per_sec: 13.638128592491984
train/distortion_loss: 0.0749833948834978
train/grad_norm: 0.16804618222845924
train/interlevel_loss: 0.002513759292078891
train/iterations_per_sec: 13.638128592491984
train/l12_reg: 2.2551125396381724
train/loss: 0.005229924626723685
train/mse: 0.0026411819624517
train/psnr: 25.790773834845034
train/tv_reg_l1: 1.6333135655432036
train/tv_reg_l2: 2.154999918407864
