lpips: 0.05037718266248703
mse: 0.0033661595080047846
psnr: 25.02810400781432
ssim: 0.9305024743080139
