lpips: 0.0401226282119751
mse: 0.0014358062762767076
psnr: 28.49488574260765
ssim: 0.9495136141777039
