iterations_per_sec: 41.223315055366385
train/distortion_loss: 0.012349775042196717
train/grad_norm: 0.038212265217244024
train/interlevel_loss: 0.0005807428605468812
train/iterations_per_sec: 41.223315055366385
train/l12_reg: 0.5206608085921316
train/loss: 0.0029461265899090455
train/mse: 0.0015204287606827688
train/psnr: 28.203769433377968
train/tv_reg_l1: 0.10366911109950808
train/tv_reg_l2: 0.031194440663011386
