iterations_per_sec: 18.554298087647407
train/distortion_loss: 0.12437709895047275
train/grad_norm: 0.40063037038451493
train/interlevel_loss: 0.0017303244688200079
train/iterations_per_sec: 18.554298087647407
train/l12_reg: 0.7897223204073279
train/loss: 0.007884584978749656
train/mse: 0.004617990069843904
train/psnr: 23.359445822359337
train/tv_reg_l1: 0.193197289952124
train/tv_reg_l2: 0.06221709419230018
