lpips: 0.25462958216667175
mse: 0.005395872518420219
psnr: 22.79062588921489
ssim: 0.7513049244880676
