iterations_per_sec: 29.276767186020265
train/distortion_loss: 0.022152919341066873
train/grad_norm: 0.08184591816230254
train/interlevel_loss: 0.001397047307097701
train/iterations_per_sec: 29.276767186020265
train/l12_reg: 1.26212045520243
train/loss: 0.006270958073060922
train/mse: 0.004646244308337419
train/psnr: 23.341108919394138
train/tv_reg_l1: 0.10921919345855713
train/tv_reg_l2: 0.020551350626229037
