lpips: 0.015971917659044266
mse: 0.0002800356305669993
psnr: 36.40093988655953
ssim: 0.978705883026123
