lpips: 0.013141963630914688
mse: 0.00015701826487202197
psnr: 38.10399978693845
ssim: 0.9812975525856018
