iterations_per_sec: 54.97301431474402
train/distortion_loss: 0.0025423644627961847
train/grad_norm: 0.0004162347018295391
train/interlevel_loss: 9.643845267492733e-05
train/iterations_per_sec: 54.97301431474402
train/l12_reg: 0.3816288345389896
train/loss: 0.0007280881747114237
train/mse: 0.00016207575721306387
train/psnr: 37.93932034270932
train/tv_reg_l1: 0.03585930104659061
train/tv_reg_l2: 0.008540274660018358
