lpips: 0.01198973786085844
mse: 0.00014935103536117822
psnr: 38.33191753733675
ssim: 0.9823598265647888
