lpips: 0.013860042206943035
mse: 0.00025045330403372645
psnr: 36.792724027463684
ssim: 0.9801063537597656
