iterations_per_sec: 37.633512425579546
train/distortion_loss: 0.0024928086898242585
train/grad_norm: 0.009014287674235124
train/interlevel_loss: 7.199860339475128e-05
train/iterations_per_sec: 37.633512425579546
train/l12_reg: 0.3211568163500892
train/loss: 0.0006147955845326486
train/mse: 0.00015395772120106326
train/psnr: 38.161873904141515
train/tv_reg_l1: 0.028123279186812313
train/tv_reg_l2: 0.0065189626942755595
