lpips: 0.009208090603351593
mse: 0.00037313808570615947
psnr: 34.49324043094655
ssim: 0.9849286079406738
