lpips: 0.011487693525850773
mse: 0.0005369784776121378
psnr: 32.89083305509137
ssim: 0.9818353056907654
