iterations_per_sec: 16.097494931404352
train/distortion_loss: 0.0037341978250428885
train/grad_norm: 0.03193406834069527
train/interlevel_loss: 0.0001259388902161101
train/iterations_per_sec: 16.097494931404352
train/l12_reg: 2.08493673199355
train/loss: 0.0005297083948560134
train/mse: 0.0004000353072464203
train/psnr: 34.02429530596492
train/tv_reg_l1: 1.4967930593875924
train/tv_reg_l2: 1.7231939513273913
