lpips: 0.09433234483003616
mse: 0.0008676089928485453
psnr: 30.655763977893447
ssim: 0.8745226860046387
