lpips: 0.08538065105676651
mse: 0.001081653404980898
psnr: 29.77372579357518
ssim: 0.8798044323921204
