iterations_per_sec: 67.04177089478907
train/distortion_loss: 0.009719403441807236
train/grad_norm: 0.0008377934567338664
train/interlevel_loss: 0.0003247308404293062
train/iterations_per_sec: 67.04177089478907
train/l12_reg: 0.5083932864545572
train/loss: 0.0019262345399557038
train/mse: 0.0008801400786115214
train/psnr: 30.57804500695431
train/tv_reg_l1: 0.06936846161731566
train/tv_reg_l2: 0.02032508874180341
