lpips: 0.04490379989147186
mse: 0.0015243610832840204
psnr: 28.237547967948444
ssim: 0.9443724751472473
