lpips: 0.06178061664104462
mse: 0.00428579468280077
psnr: 24.034728275347426
ssim: 0.9190321564674377
