iterations_per_sec: 14.931033296402465
train/distortion_loss: 0.020469671359868966
train/grad_norm: 0.0384417555266709
train/interlevel_loss: 0.000806208375977785
train/iterations_per_sec: 14.931033296402465
train/l12_reg: 2.4054289418037493
train/loss: 0.002428351297052671
train/mse: 0.0016016732475654495
train/psnr: 27.98039014411695
train/tv_reg_l1: 1.9096120692262746
train/tv_reg_l2: 2.6929419570498996
