iterations_per_sec: 20.1602696640834
train/distortion_loss: 0.28766825403830015
train/grad_norm: 0.4480444578209309
train/interlevel_loss: 0.00436839707327461
train/iterations_per_sec: 20.1602696640834
train/l12_reg: 0.7975441313753224
train/loss: 0.029972841605694606
train/mse: 0.023280038752339104
train/psnr: 16.331714013610224
train/tv_reg_l1: 0.25727722530413155
train/tv_reg_l2: 0.12391941031121244
