iterations_per_sec: 20.595782878993433
train/distortion_loss: 0.32076260838845766
train/grad_norm: 0.17874771747926269
train/interlevel_loss: 0.0008787355700865237
train/iterations_per_sec: 20.595782878993433
train/l12_reg: 0.766832649105727
train/loss: 0.005258702188542094
train/mse: 0.0027642247544582745
train/psnr: 25.59588684698548
train/tv_reg_l1: 0.1684471842917529
train/tv_reg_l2: 0.052814657941009056
