iterations_per_sec: 15.586969510581755
train/distortion_loss: 0.30035574448229085
train/grad_norm: 0.5231382124351732
train/interlevel_loss: 0.005165067830621594
train/iterations_per_sec: 15.586969510581755
train/l12_reg: 0.8129398846867109
train/loss: 0.0295648319138722
train/mse: 0.022084641016342423
train/psnr: 16.560687691274314
train/tv_reg_l1: 0.26453106872963184
train/tv_reg_l2: 0.12018275020098446
