lpips: 0.017732273787260056
mse: 0.0007967742276377976
psnr: 31.049576108391033
ssim: 0.9691908359527588
