lpips: 0.015288076363503933
mse: 0.0005613825633190572
psnr: 32.57653045287311
ssim: 0.9770973324775696
