iterations_per_sec: 44.14713022353269
train/distortion_loss: 0.005115222980766886
train/grad_norm: 0.016019226428158957
train/interlevel_loss: 0.00042335929865290346
train/iterations_per_sec: 44.14713022353269
train/l12_reg: 0.3927961596936891
train/loss: 0.0015972391079001203
train/mse: 0.000588145287533413
train/psnr: 32.33055771721734
train/tv_reg_l1: 0.06098180497535551
train/tv_reg_l2: 0.018782311617726026
