lpips: 0.1494654268026352
mse: 0.003145352005958557
psnr: 25.180560029154147
ssim: 0.8632548451423645
