iterations_per_sec: 48.86696206583798
train/distortion_loss: 0.006940786929029708
train/grad_norm: 0.02999467012293712
train/interlevel_loss: 0.0009060125748598666
train/iterations_per_sec: 48.86696206583798
train/l12_reg: 0.8802167424047836
train/loss: 0.0039343090417484445
train/mse: 0.0029006966347382827
train/psnr: 25.386647465253116
train/tv_reg_l1: 0.07600974276511356
train/tv_reg_l2: 0.012065904713565051
