iterations_per_sec: 13.355081835444459
train/distortion_loss: 0.2326297385222984
train/grad_norm: 0.35639510010228015
train/interlevel_loss: 0.0038480258904246972
train/iterations_per_sec: 13.355081835444459
train/l12_reg: 2.1910981626221626
train/loss: 0.012340466087364187
train/mse: 0.008259810385002632
train/psnr: 20.83374410687071
train/tv_reg_l1: 1.6047290804410221
train/tv_reg_l2: 2.0407656202412614
