lpips: 0.01286785677075386
mse: 0.00045670970575883985
psnr: 33.4815289008927
ssim: 0.9803279638290405
