lpips: 0.015099520795047283
mse: 0.0006739854579791427
psnr: 31.77706444858141
ssim: 0.9728578329086304
