iterations_per_sec: 37.986973759471724
train/distortion_loss: 0.005064866096345764
train/grad_norm: 0.012124145648094138
train/interlevel_loss: 0.00035099960032220216
train/iterations_per_sec: 37.986973759471724
train/l12_reg: 0.36949139743140247
train/loss: 0.0014060378483863492
train/mse: 0.0004904475504052684
train/psnr: 33.130149956905484
train/tv_reg_l1: 0.06128211289343208
train/tv_reg_l2: 0.019003443758596073
