lpips: 0.04108567535877228
mse: 0.0022427337244153023
psnr: 27.107737215960633
ssim: 0.9253498315811157
