lpips: 0.02449382096529007
mse: 0.0007012689020484686
psnr: 31.756299252867453
ssim: 0.9577620625495911
