iterations_per_sec: 17.652373686610744
train/distortion_loss: 0.013981000341550268
train/grad_norm: 0.0306540277946477
train/interlevel_loss: 0.0004775422481782358
train/iterations_per_sec: 17.652373686610744
train/l12_reg: 2.471109977876297
train/loss: 0.0012241769981843353
train/mse: 0.0007326537496269201
train/psnr: 31.37964237097538
train/tv_reg_l1: 1.9110339530790694
train/tv_reg_l2: 2.662672343880239
