lpips: 0.04363434389233589
mse: 0.0016077710315585136
psnr: 28.01849421507553
ssim: 0.9454522132873535
