lpips: 0.05381267890334129
mse: 0.0034181149676442146
psnr: 24.926963087549055
ssim: 0.9276251196861267
