iterations_per_sec: 50.61200881917232
train/distortion_loss: 0.0097330870821771
train/grad_norm: 0.03909792798110331
train/interlevel_loss: 0.000455773687766244
train/iterations_per_sec: 50.61200881917232
train/l12_reg: 0.5484762968439044
train/loss: 0.00301355390451999
train/mse: 0.0016686882155787462
train/psnr: 27.796161401151405
train/tv_reg_l1: 0.11144215591026074
train/tv_reg_l2: 0.03308825879687011
