lpips: 0.01055158767849207
mse: 0.00047795314458198845
psnr: 33.32591670697927
ssim: 0.9826082587242126
