lpips: 0.009292185306549072
mse: 0.0004146565916016698
psnr: 34.05945287913814
ssim: 0.9845772385597229
