iterations_per_sec: 46.812385222838515
train/distortion_loss: 0.0010319583945804173
train/grad_norm: 0.037324725283366264
train/interlevel_loss: 8.90825745459138e-05
train/iterations_per_sec: 46.812385222838515
train/l12_reg: 0.2883628513475861
train/loss: 0.0009276490509180785
train/mse: 0.00045134843888015234
train/psnr: 33.51117155287001
train/tv_reg_l1: 0.028579094851709376
train/tv_reg_l2: 0.009782321967485578
