lpips: 0.182795450091362
mse: 0.005464354529976845
psnr: 22.731310739984863
ssim: 0.7997904419898987
