iterations_per_sec: 47.793509784727476
train/distortion_loss: 0.014859111847901585
train/grad_norm: 0.06284794794640156
train/interlevel_loss: 0.0011760217074135487
train/iterations_per_sec: 47.793509784727476
train/l12_reg: 1.0439567590000653
train/loss: 0.006268548633376456
train/mse: 0.004920945794443891
train/psnr: 23.08825920567368
train/tv_reg_l1: 0.09469742854737272
train/tv_reg_l2: 0.01567220003955593
