lpips: 0.0147376898676157
mse: 0.0004496115434449166
psnr: 33.89706162642307
ssim: 0.969893217086792
