lpips: 0.011021715588867664
mse: 0.0002613987307995558
psnr: 35.912905689181656
ssim: 0.9753630757331848
