iterations_per_sec: 54.7003072372109
train/distortion_loss: 0.0031448640752433227
train/grad_norm: 0.020615196292937704
train/interlevel_loss: 0.00046738307550314327
train/iterations_per_sec: 54.7003072372109
train/l12_reg: 0.4757791610077174
train/loss: 0.0014490777005751927
train/mse: 0.0002797541277356107
train/psnr: 35.58004178904524
train/tv_reg_l1: 0.06891513668527507
train/tv_reg_l2: 0.022301644632461096
