lpips: 0.01189490593969822
mse: 0.0002670830290298909
psnr: 35.84303552601405
ssim: 0.9753338098526001
