lpips: 0.016276152804493904
mse: 0.0004867129900958389
psnr: 33.513641448971406
ssim: 0.9683704972267151
