iterations_per_sec: 41.327611590482256
train/distortion_loss: 0.0035463683777535804
train/grad_norm: 0.018759690356826543
train/interlevel_loss: 0.0005608177314644134
train/iterations_per_sec: 41.327611590482256
train/l12_reg: 0.5648629924263617
train/loss: 0.001702797249890864
train/mse: 0.00029307468811924935
train/psnr: 35.399071009472166
train/tv_reg_l1: 0.09392194577840844
train/tv_reg_l2: 0.02804954603991725
