lpips: 0.27788329124450684
mse: 0.006158208940178156
psnr: 22.31765188934693
ssim: 0.7422969341278076
