iterations_per_sec: 51.93623443663907
train/distortion_loss: 0.03019253569043646
train/grad_norm: 0.08911792689351121
train/interlevel_loss: 0.0008787983673333068
train/iterations_per_sec: 51.93623443663907
train/l12_reg: 1.040913740793864
train/loss: 0.00605856648392298
train/mse: 0.00493516857651147
train/psnr: 23.08168461346867
train/tv_reg_l1: 0.11940713038649221
train/tv_reg_l2: 0.021440701897848736
