iterations_per_sec: 33.833444046439396
train/distortion_loss: 0.2563034092838114
train/grad_norm: 0.17934013444064845
train/interlevel_loss: 0.0009313516025995892
train/iterations_per_sec: 33.833444046439396
train/l12_reg: 0.880826762228301
train/loss: 0.004316689714676503
train/mse: 0.001738669221392936
train/psnr: 27.608549888687904
train/tv_reg_l1: 0.19811800423294607
train/tv_reg_l2: 0.05095387084616555
