lpips: 0.06395148485898972
mse: 0.004323931410908699
psnr: 23.968270938952138
ssim: 0.9179008603096008
