lpips: 0.04480778053402901
mse: 0.0015326420543715358
psnr: 28.213440489903043
ssim: 0.9447546601295471
