iterations_per_sec: 17.69583987557227
train/distortion_loss: 0.020615830603573058
train/grad_norm: 0.039251436808645124
train/interlevel_loss: 0.0008200141195574719
train/iterations_per_sec: 17.69583987557227
train/l12_reg: 2.412707087969539
train/loss: 0.0024470283903858876
train/mse: 0.0016063984302389952
train/psnr: 27.965470728248057
train/tv_reg_l1: 1.845801130689756
train/tv_reg_l2: 2.397498865320225
