lpips: 0.010516836307942867
mse: 0.00047918345080688596
psnr: 33.31753636288601
ssim: 0.9826347231864929
