lpips: 0.009161337278783321
mse: 0.00040355767123401165
psnr: 34.159190086176416
ssim: 0.9847317337989807
