iterations_per_sec: 56.42543928941199
train/distortion_loss: 0.00111199722265486
train/grad_norm: 0.03693159196450554
train/interlevel_loss: 7.551373471300156e-05
train/iterations_per_sec: 56.42543928941199
train/l12_reg: 0.27822762968564274
train/loss: 0.000879971264635749
train/mse: 0.0004323164851879795
train/psnr: 33.69232601589627
train/tv_reg_l1: 0.027246883233087233
train/tv_reg_l2: 0.009280140427025881
