lpips: 0.05313750356435776
mse: 0.0034959446638822556
psnr: 24.89717541005726
ssim: 0.927358865737915
