lpips: 0.039707478135824203
mse: 0.001406281255185604
psnr: 28.59853193795026
ssim: 0.9493474364280701
