iterations_per_sec: 34.308930988477336
train/distortion_loss: 0.016349562603716897
train/grad_norm: 0.0378003880155809
train/interlevel_loss: 0.0006573507444688467
train/iterations_per_sec: 34.308930988477336
train/l12_reg: 0.5637490731297117
train/loss: 0.0030702723712293487
train/mse: 0.001487012223500495
train/psnr: 28.298300444477736
train/tv_reg_l1: 0.12328016870852673
train/tv_reg_l2: 0.03458107240272291
