iterations_per_sec: 17.767721530514255
train/distortion_loss: 0.32450268003675675
train/grad_norm: 0.2837569955924545
train/interlevel_loss: 0.004492488732053475
train/iterations_per_sec: 17.767721530514255
train/l12_reg: 2.193735789771032
train/loss: 0.013060471014768787
train/mse: 0.008243479511954567
train/psnr: 20.84337924225162
train/tv_reg_l1: 1.7045541146788934
train/tv_reg_l2: 2.5254291789700285
