lpips: 0.22731609642505646
mse: 0.009892664849758148
psnr: 20.115194276026763
ssim: 0.8034712076187134
