iterations_per_sec: 45.663660171812154
train/distortion_loss: 0.011290652997264958
train/grad_norm: 0.07486798196579471
train/interlevel_loss: 0.0008878914734602652
train/iterations_per_sec: 45.663660171812154
train/l12_reg: 0.9350109058197098
train/loss: 0.009663747077939487
train/mse: 0.00854488281119201
train/psnr: 20.693498900442414
train/tv_reg_l1: 0.11329010618154449
train/tv_reg_l2: 0.021968223568465974
