iterations_per_sec: 43.528276393271234
train/distortion_loss: 0.17084029708245788
train/grad_norm: 0.11119954483677642
train/interlevel_loss: 0.0009995224724542538
train/iterations_per_sec: 43.528276393271234
train/l12_reg: 0.7644109912592956
train/loss: 0.018922173201736777
train/mse: 0.017320179822619516
train/psnr: 17.616550869411892
train/tv_reg_l1: 0.14132582584414818
train/tv_reg_l2: 0.04316306863017757
