lpips: 0.010825005359947681
mse: 0.0004817497683688998
psnr: 33.291340487751505
ssim: 0.9825413227081299
