lpips: 0.009344933554530144
mse: 0.00040979526238515973
psnr: 34.09785160682726
ssim: 0.9845825433731079
