iterations_per_sec: 48.74806077442467
train/distortion_loss: 0.001146486908023368
train/grad_norm: 0.03872162075431058
train/interlevel_loss: 6.578627315578004e-05
train/iterations_per_sec: 48.74806077442467
train/l12_reg: 0.26715855797131854
train/loss: 0.0008616254234573606
train/mse: 0.0004402599556164609
train/psnr: 33.60926075174351
train/tv_reg_l1: 0.024451887818297956
train/tv_reg_l2: 0.008727413780912005
