lpips: 0.013283818028867245
mse: 0.00039623110205866396
psnr: 34.23180732007426
ssim: 0.9786978960037231
