lpips: 0.010262484662234783
mse: 0.00031894660787656903
psnr: 35.30689106575566
ssim: 0.9823458194732666
