iterations_per_sec: 40.081057279592855
train/distortion_loss: 0.0010491205606317957
train/grad_norm: 0.016067553659656432
train/interlevel_loss: 0.00013559795516270278
train/iterations_per_sec: 40.081057279592855
train/l12_reg: 0.4037458776223539
train/loss: 0.0010176859043463313
train/mse: 0.00033593551882523856
train/psnr: 34.77661521988686
train/tv_reg_l1: 0.04713720120865889
train/tv_reg_l2: 0.01413574144056048
