lpips: 0.01451255101710558
mse: 0.00026596590760163963
psnr: 36.63765954957678
ssim: 0.978945791721344
