lpips: 0.011575759388506413
mse: 0.0001491807634010911
psnr: 38.34002125361814
ssim: 0.981758177280426
