iterations_per_sec: 16.48914961844713
train/distortion_loss: 0.002862592592289803
train/grad_norm: 0.007404075467469867
train/interlevel_loss: 0.00011069622805643112
train/iterations_per_sec: 16.48914961844713
train/l12_reg: 2.0036876033050843
train/loss: 0.0002639393949519015
train/mse: 0.0001503805735153193
train/psnr: 38.26529905531142
train/tv_reg_l1: 1.2256502394724373
train/tv_reg_l2: 1.349390436904599
