iterations_per_sec: 39.04810872235296
train/distortion_loss: 0.18557721602194238
train/grad_norm: 0.01385786778509918
train/interlevel_loss: 0.0012635575863767904
train/iterations_per_sec: 39.04810872235296
train/l12_reg: 1.1734374039100879
train/loss: 0.007539897931344582
train/mse: 0.005966754258619715
train/psnr: 22.24496463814167
train/tv_reg_l1: 0.06948059970381285
train/tv_reg_l2: 0.012400892271537973
