lpips: 0.009169524535536766
mse: 0.00043464647023938596
psnr: 33.76532866879515
ssim: 0.9845527410507202
