lpips: 0.007641436066478491
mse: 0.0003613957669585943
psnr: 34.66253708669747
ssim: 0.9867144227027893
