iterations_per_sec: 33.4424972356136
train/distortion_loss: 0.0011595748858808568
train/grad_norm: 0.03130761865112516
train/interlevel_loss: 0.00012245255912244883
train/iterations_per_sec: 33.4424972356136
train/l12_reg: 0.25704861229116266
train/loss: 0.0008642591701848714
train/mse: 0.00039534125773405486
train/psnr: 34.087403461186575
train/tv_reg_l1: 0.022821726672577137
train/tv_reg_l2: 0.008825716524939946
