iterations_per_sec: 14.363240723932778
train/distortion_loss: 0.16002512580216532
train/grad_norm: 0.21428704036004614
train/interlevel_loss: 0.0025334349137288753
train/iterations_per_sec: 14.363240723932778
train/l12_reg: 2.193295478820801
train/loss: 0.006050937597385861
train/mse: 0.0033574775261145952
train/psnr: 24.74547075984454
train/tv_reg_l1: 1.6638898945818044
train/tv_reg_l2: 2.220143787788622
