lpips: 0.14038895070552826
mse: 0.0029629904311150312
psnr: 25.438966117726004
ssim: 0.8670534491539001
