iterations_per_sec: 47.223189173963
train/distortion_loss: 0.006099348614989507
train/grad_norm: 0.030543021688407116
train/interlevel_loss: 0.0008299742476083338
train/iterations_per_sec: 47.223189173963
train/l12_reg: 0.8762237032254537
train/loss: 0.0036660691398675694
train/mse: 0.0027131857632687597
train/psnr: 25.676280050566703
train/tv_reg_l1: 0.07068908372611711
train/tv_reg_l2: 0.01168097857611649
