lpips: 0.10512096434831619
mse: 0.003789957845583558
psnr: 24.337687004275082
ssim: 0.8750134110450745
