iterations_per_sec: 47.390314696845806
train/distortion_loss: 0.007902073452832422
train/grad_norm: 0.07964791419605415
train/interlevel_loss: 0.00032662986125091487
train/iterations_per_sec: 47.390314696845806
train/l12_reg: 0.7028456149679242
train/loss: 0.003533438631248745
train/mse: 0.0030862381187916703
train/psnr: 25.12482506337792
train/tv_reg_l1: 0.06970739507614965
train/tv_reg_l2: 0.011266859182429433
