lpips: 0.0098383454605937
mse: 0.00041563299600966275
psnr: 34.01524556795414
ssim: 0.9840794205665588
