lpips: 0.01096609327942133
mse: 0.0004863274225499481
psnr: 33.24640918745109
ssim: 0.9821685552597046
