iterations_per_sec: 49.36203036712457
train/distortion_loss: 0.001404079866144016
train/grad_norm: 0.03738511564454647
train/interlevel_loss: 8.644487307820882e-05
train/iterations_per_sec: 49.36203036712457
train/l12_reg: 0.264464835927944
train/loss: 0.0008823368751274592
train/mse: 0.00044280671716827633
train/psnr: 33.58071770330872
train/tv_reg_l1: 0.02470472554742086
train/tv_reg_l2: 0.00872163511248249
