lpips: 0.018637586385011673
mse: 0.0003038620634470135
psnr: 36.01477599319913
ssim: 0.9764102101325989
