lpips: 0.01559495646506548
mse: 0.00017867876158561558
psnr: 37.53705446203376
ssim: 0.9789149761199951
