iterations_per_sec: 41.73490917189489
train/distortion_loss: 0.003646233690563928
train/grad_norm: 0.00045109737218790357
train/interlevel_loss: 9.586193886611404e-05
train/iterations_per_sec: 41.73490917189489
train/l12_reg: 0.44278024994965753
train/loss: 0.0008233065359444931
train/mse: 0.0001840259497068032
train/psnr: 37.38481772066367
train/tv_reg_l1: 0.04672195736055422
train/tv_reg_l2: 0.009699215040062412
