iterations_per_sec: 14.20514231761358
train/distortion_loss: 0.21799039810594886
train/grad_norm: 0.29651657649964996
train/interlevel_loss: 0.0028442668897861786
train/iterations_per_sec: 14.20514231761358
train/l12_reg: 2.3013984073292124
train/loss: 0.009212412410462745
train/mse: 0.006150155130660895
train/psnr: 22.114042378435233
train/tv_reg_l1: 1.775753803927489
train/tv_reg_l2: 2.7508203381239764
