lpips: 0.007252716459333897
mse: 0.00034727214369922876
psnr: 34.82522553103766
ssim: 0.9871866106987
