lpips: 0.008618032559752464
mse: 0.00041673853411339223
psnr: 33.93820361442789
ssim: 0.9852248430252075
