iterations_per_sec: 41.11584410754765
train/distortion_loss: 0.0011826909836287602
train/grad_norm: 0.0346836672550199
train/interlevel_loss: 8.381552639419703e-05
train/iterations_per_sec: 41.11584410754765
train/l12_reg: 0.2672934896416134
train/loss: 0.0008209157344706431
train/mse: 0.00037850988346782295
train/psnr: 34.27468494453816
train/tv_reg_l1: 0.024434116640777298
train/tv_reg_l2: 0.009011412283988914
