lpips: 0.052958741784095764
mse: 0.0033474776428192854
psnr: 25.017963179724276
ssim: 0.9288144707679749
