lpips: 0.04382701963186264
mse: 0.001633374486118555
psnr: 27.949925867609217
ssim: 0.9457690715789795
