iterations_per_sec: 33.945203538851324
train/distortion_loss: 0.007016660866675654
train/grad_norm: 0.04020335271277211
train/interlevel_loss: 0.00037419890621535933
train/iterations_per_sec: 33.945203538851324
train/l12_reg: 0.535360118957481
train/loss: 0.0029407836793159895
train/mse: 0.0017003257373216175
train/psnr: 27.715348388209488
train/tv_reg_l1: 0.09997019284602368
train/tv_reg_l2: 0.032388224068916206
