iterations_per_sec: 35.891157602542776
train/distortion_loss: 0.09779355592197841
train/grad_norm: 0.38384099530451227
train/interlevel_loss: 0.001842210430303833
train/iterations_per_sec: 35.891157602542776
train/l12_reg: 0.8272499183211663
train/loss: 0.008413373445621644
train/mse: 0.005000649560995475
train/psnr: 23.01338636995566
train/tv_reg_l1: 0.1956012136105335
train/tv_reg_l2: 0.06454698372669894
