lpips: 0.008604681119322777
mse: 0.0002789624850265682
psnr: 35.87499769732558
ssim: 0.9846437573432922
