lpips: 0.010964718647301197
mse: 0.00034820279688574374
psnr: 34.783382944477395
ssim: 0.9814531207084656
