iterations_per_sec: 39.019899435857866
train/distortion_loss: 0.0009738060609305823
train/grad_norm: 0.014828112672525222
train/interlevel_loss: 0.00011657818877302825
train/iterations_per_sec: 39.019899435857866
train/l12_reg: 0.3422941631740994
train/loss: 0.0008699304407763512
train/mse: 0.00029467171745379503
train/psnr: 35.34127480092675
train/tv_reg_l1: 0.034089139991938466
train/tv_reg_l2: 0.011541255335840914
