lpips: 0.014589670114219189
mse: 0.00026505597634240985
psnr: 36.62581991857526
ssim: 0.9790869951248169
