lpips: 0.011656586080789566
mse: 0.0001487922709202394
psnr: 38.349590944057525
ssim: 0.9817580580711365
