iterations_per_sec: 12.985197327103279
train/distortion_loss: 0.0028739472277311967
train/grad_norm: 0.0075152417588414564
train/interlevel_loss: 0.0001145884890145754
train/iterations_per_sec: 12.985197327103279
train/l12_reg: 2.1666560365696146
train/loss: 0.0002711477177629172
train/mse: 0.00015368528237549888
train/psnr: 38.17470269251351
train/tv_reg_l1: 1.1832032444501164
train/tv_reg_l2: 1.2976548659681069
