lpips: 0.1593230664730072
mse: 0.005186398047953844
psnr: 22.967534055091136
ssim: 0.848612368106842
