iterations_per_sec: 48.15070752327114
train/distortion_loss: 0.006649131750255221
train/grad_norm: 0.09739561113670017
train/interlevel_loss: 0.001263450757092373
train/iterations_per_sec: 48.15070752327114
train/l12_reg: 0.7107335864895522
train/loss: 0.005860181247834304
train/mse: 0.004457340653364857
train/psnr: 23.525477785052676
train/tv_reg_l1: 0.07786252575390266
train/tv_reg_l2: 0.013274067674170841
