iterations_per_sec: 52.26926310925321
train/distortion_loss: 0.30924849287428036
train/grad_norm: 0.1552213156464124
train/interlevel_loss: 0.0012026965368840128
train/iterations_per_sec: 52.26926310925321
train/l12_reg: 0.8933722912663161
train/loss: 0.007674908557097719
train/mse: 0.0044164176127224255
train/psnr: 23.552404403686523
train/tv_reg_l1: 0.2545144892100132
train/tv_reg_l2: 0.08531736868499505
