lpips: 0.010280991904437542
mse: 0.00023701669124420732
psnr: 36.34884653937895
ssim: 0.9774047136306763
