lpips: 0.014440784230828285
mse: 0.0004237511893734336
psnr: 34.10682264800886
ssim: 0.9712346792221069
