iterations_per_sec: 41.60478767858748
train/distortion_loss: 0.00345726486652939
train/grad_norm: 0.01736866153607314
train/interlevel_loss: 0.0004400497727505298
train/iterations_per_sec: 41.60478767858748
train/l12_reg: 0.49052953840506197
train/loss: 0.0014265473271165082
train/mse: 0.00026141959898093846
train/psnr: 35.881279454086766
train/tv_reg_l1: 0.07271717007112022
train/tv_reg_l2: 0.023109113176663715
