lpips: 0.10918302834033966
mse: 0.004008493386209011
psnr: 24.086435528133297
ssim: 0.8687488436698914
