iterations_per_sec: 52.0906151899598
train/distortion_loss: 0.007965848277877979
train/grad_norm: 0.08255229339078822
train/interlevel_loss: 0.00034687908676763374
train/iterations_per_sec: 52.0906151899598
train/l12_reg: 0.6837592901605548
train/loss: 0.0037380198952788957
train/mse: 0.0032629523981324952
train/psnr: 24.880970078285294
train/tv_reg_l1: 0.07231705568053505
train/tv_reg_l2: 0.012022256512533535
