lpips: 0.039845868945121765
mse: 0.0014945784350857139
psnr: 28.323554180532575
ssim: 0.9505680799484253
