lpips: 0.048216983675956726
mse: 0.0031494498252868652
psnr: 25.297002580178674
ssim: 0.9338534474372864
