iterations_per_sec: 54.50043056497295
train/distortion_loss: 0.005847031133004812
train/grad_norm: 0.0014367019851701428
train/interlevel_loss: 0.00025665611963521576
train/iterations_per_sec: 54.50043056497295
train/l12_reg: 0.4797291900172378
train/loss: 0.0026005091536037547
train/mse: 0.001579526715413338
train/psnr: 28.03820924084596
train/tv_reg_l1: 0.07821749067968792
train/tv_reg_l2: 0.027875009171589457
