lpips: 0.12090277671813965
mse: 0.0014327338431030512
psnr: 28.537288149473223
ssim: 0.9056342840194702
