iterations_per_sec: 48.47407147509824
train/distortion_loss: 0.011527809408502747
train/grad_norm: 0.026344586286054114
train/interlevel_loss: 0.0008056797581075718
train/iterations_per_sec: 48.47407147509824
train/l12_reg: 0.8820167358475502
train/loss: 0.0021978233261222037
train/mse: 0.0012890265800642095
train/psnr: 28.911712993275035
train/tv_reg_l1: 0.06501310371389293
train/tv_reg_l2: 0.009158918464725668
