iterations_per_sec: 18.441039914942305
train/distortion_loss: 0.2754987923785894
train/grad_norm: 0.172711965712634
train/interlevel_loss: 0.0010972126149525396
train/iterations_per_sec: 18.441039914942305
train/l12_reg: 0.8485631912645667
train/loss: 0.006854932449494648
train/mse: 0.004113249421928718
train/psnr: 23.863422586460306
train/tv_reg_l1: 0.18679020410836344
train/tv_reg_l2: 0.05204083258756483
