lpips: 0.01153932698071003
mse: 0.00015031034126877785
psnr: 38.311062351642505
ssim: 0.9816498756408691
