lpips: 0.014481078833341599
mse: 0.0002682501217350364
psnr: 36.605564541830205
ssim: 0.9787730574607849
