iterations_per_sec: 15.124604111089965
train/distortion_loss: 0.002939452967521819
train/grad_norm: 0.006743719145147638
train/interlevel_loss: 0.00010756562896674932
train/iterations_per_sec: 15.124604111089965
train/l12_reg: 1.9474395874774817
train/loss: 0.0002640760134766819
train/mse: 0.00015357093254370012
train/psnr: 38.17354140618835
train/tv_reg_l1: 1.1076251160014758
train/tv_reg_l2: 1.11442041758335
