iterations_per_sec: 12.795158186121053
train/distortion_loss: 0.23686394863056415
train/grad_norm: 0.3622838222619259
train/interlevel_loss: 0.003788816025292482
train/iterations_per_sec: 12.795158186121053
train/l12_reg: 2.1581721402177907
train/loss: 0.01209473338053383
train/mse: 0.008069053409865709
train/psnr: 20.936190306538283
train/tv_reg_l1: 1.5837200868009316
train/tv_reg_l2: 2.0514584550953874
