iterations_per_sec: 39.524577486187
train/distortion_loss: 0.23221504327022668
train/grad_norm: 0.0719255574348599
train/interlevel_loss: 0.0022086423864080148
train/iterations_per_sec: 39.524577486187
train/l12_reg: 0.9370599955019324
train/loss: 0.012411038983951916
train/mse: 0.009705806809543359
train/psnr: 20.13324932136921
train/tv_reg_l1: 0.13105956547790104
train/tv_reg_l2: 0.02643747287190924
