lpips: 0.016985006630420685
mse: 0.0007790492381900549
psnr: 31.150673260661055
ssim: 0.9693781137466431
