lpips: 0.015067585743963718
mse: 0.0005468150484375656
psnr: 32.69239733102532
ssim: 0.9771057963371277
