iterations_per_sec: 55.10121746710645
train/distortion_loss: 0.005163906349076165
train/grad_norm: 0.016321292819662228
train/interlevel_loss: 0.000366123513121045
train/iterations_per_sec: 55.10121746710645
train/l12_reg: 0.3995140748794633
train/loss: 0.0015463693387279607
train/mse: 0.0005735481543598151
train/psnr: 32.44054543851602
train/tv_reg_l1: 0.06471498009532389
train/tv_reg_l2: 0.020201968123214415
