lpips: 0.027487559244036674
mse: 0.0014002216048538685
psnr: 28.80073656581447
ssim: 0.9398344159126282
