lpips: 0.021112870424985886
mse: 0.0007454461883753538
psnr: 31.49885499368895
ssim: 0.9596326351165771
