iterations_per_sec: 27.050029406985686
train/distortion_loss: 0.0063399735443068275
train/grad_norm: 0.03856550744085601
train/interlevel_loss: 0.0002412795760337207
train/iterations_per_sec: 27.050029406985686
train/l12_reg: 0.47684752670201386
train/loss: 0.0016971156083404868
train/mse: 0.0007779193663442827
train/psnr: 31.119324886437617
train/tv_reg_l1: 0.06765406970122848
train/tv_reg_l2: 0.019472915284109837
