lpips: 0.0926029309630394
mse: 0.0008582017035223544
psnr: 30.700870008480038
ssim: 0.8753981590270996
