lpips: 0.08455255627632141
mse: 0.0010971535230055451
psnr: 29.726775822629932
ssim: 0.8799713253974915
