iterations_per_sec: 29.983697384782772
train/distortion_loss: 0.011354455470361492
train/grad_norm: 0.02351967960295051
train/interlevel_loss: 0.00038131476336422215
train/iterations_per_sec: 29.983697384782772
train/l12_reg: 0.6327198466869316
train/loss: 0.0021644058270436344
train/mse: 0.0008761572182376051
train/psnr: 30.605129492403282
train/tv_reg_l1: 0.1025403223254464
train/tv_reg_l2: 0.026285954064341508
