iterations_per_sec: 35.49482548073841
train/distortion_loss: 0.3102520499566589
train/grad_norm: 0.15412750478946802
train/interlevel_loss: 0.001011413089328944
train/iterations_per_sec: 35.49482548073841
train/l12_reg: 0.8585600527850065
train/loss: 0.0069234895595170634
train/mse: 0.00391569830044502
train/psnr: 24.075648259634924
train/tv_reg_l1: 0.24492603314645361
train/tv_reg_l2: 0.0827565939739497
