lpips: 0.054323501884937286
mse: 0.0034401798620820045
psnr: 24.922253974318288
ssim: 0.9255834817886353
