lpips: 0.04406897723674774
mse: 0.001579938572831452
psnr: 28.08594869967935
ssim: 0.9442963600158691
