iterations_per_sec: 54.48062692537913
train/distortion_loss: 0.01210626767891826
train/grad_norm: 0.042755462925391965
train/interlevel_loss: 0.0004959860622572402
train/iterations_per_sec: 54.48062692537913
train/l12_reg: 0.5425934538696752
train/loss: 0.0030366793284286753
train/mse: 0.0016563459689907655
train/psnr: 27.832558025013316
train/tv_reg_l1: 0.11366492991495614
train/tv_reg_l2: 0.03296475782237872
