lpips: 0.008551502600312233
mse: 0.0003544967621564865
psnr: 34.716805279746964
ssim: 0.9857746958732605
