lpips: 0.010589892975986004
mse: 0.0005126888863742352
psnr: 33.088681581852015
ssim: 0.982776939868927
