iterations_per_sec: 16.31893730534027
train/distortion_loss: 0.0036658997144173792
train/grad_norm: 0.027256743079333595
train/interlevel_loss: 9.700609275523215e-05
train/iterations_per_sec: 16.31893730534027
train/l12_reg: 2.0541281868713073
train/loss: 0.0004808319770176001
train/mse: 0.00038015998216731604
train/psnr: 34.24777668654317
train/tv_reg_l1: 1.4141084581914574
train/tv_reg_l2: 1.5756354440342297
