lpips: 0.08517400920391083
mse: 0.0010869684629142284
psnr: 29.771921324141022
ssim: 0.8803315758705139
