lpips: 0.09378375858068466
mse: 0.0008556358516216278
psnr: 30.711911616495744
ssim: 0.8750108480453491
