iterations_per_sec: 41.84675979180415
train/distortion_loss: 0.010145983922135348
train/grad_norm: 0.022615951316600495
train/interlevel_loss: 0.00030484131914845693
train/iterations_per_sec: 41.84675979180415
train/l12_reg: 0.5411645029530381
train/loss: 0.0019507877566296646
train/mse: 0.0008707198495459226
train/psnr: 30.62508640867291
train/tv_reg_l1: 0.08004779669672552
train/tv_reg_l2: 0.02239160918903471
