lpips: 0.008374620229005814
mse: 0.000419100106228143
psnr: 33.91445239978731
ssim: 0.9853937029838562
