lpips: 0.007326328661292791
mse: 0.00035755790304392576
psnr: 34.733085917828156
ssim: 0.9872574806213379
