iterations_per_sec: 54.085530633087856
train/distortion_loss: 0.0009920813173827047
train/grad_norm: 0.0005996312062383037
train/interlevel_loss: 8.055286661597119e-05
train/iterations_per_sec: 54.085530633087856
train/l12_reg: 0.2684266335434384
train/loss: 0.0008224601036577363
train/mse: 0.0003865283541734133
train/psnr: 34.183763484762174
train/tv_reg_l1: 0.022811446037858424
train/tv_reg_l2: 0.008596016263419931
