lpips: 0.11253198981285095
mse: 0.0014394898898899555
psnr: 28.470039282292984
ssim: 0.9113025665283203
