iterations_per_sec: 45.3748460529976
train/distortion_loss: 0.010172906228237681
train/grad_norm: 0.02230777202004736
train/interlevel_loss: 0.00045979088595644993
train/iterations_per_sec: 45.3748460529976
train/l12_reg: 1.111010487633522
train/loss: 0.001921710925120296
train/mse: 0.001358732798682394
train/psnr: 28.679966994006225
train/tv_reg_l1: 0.06453515483875467
train/tv_reg_l2: 0.009301433377344199
