lpips: 0.05741807818412781
mse: 0.003755836980417371
psnr: 24.546131848624363
ssim: 0.9231202602386475
