lpips: 0.04508160427212715
mse: 0.0015918449498713017
psnr: 28.037271937913683
ssim: 0.9437448382377625
