iterations_per_sec: 21.61787952296933
train/distortion_loss: 0.010730195912824135
train/grad_norm: 0.0018685901869144855
train/interlevel_loss: 0.0003630996524765523
train/iterations_per_sec: 21.61787952296933
train/l12_reg: 2.4063836083267676
train/loss: 0.002042930068758627
train/mse: 0.0016691002082267795
train/psnr: 27.79860039913293
train/tv_reg_l1: 1.8551039491036925
train/tv_reg_l2: 2.7149370053801873
