lpips: 0.011974412947893143
mse: 0.0002803986135404557
psnr: 35.63529483177506
ssim: 0.974007785320282
