lpips: 0.016715791076421738
mse: 0.0005227453075349331
psnr: 33.24194460343147
ssim: 0.9666454792022705
