iterations_per_sec: 17.761316506217888
train/distortion_loss: 0.003721046219156547
train/grad_norm: 0.016286858324563565
train/interlevel_loss: 0.0007322494568529003
train/iterations_per_sec: 17.761316506217888
train/l12_reg: 2.373332770183833
train/loss: 0.0010366239520307216
train/mse: 0.000300653450069902
train/psnr: 35.27835198604699
train/tv_reg_l1: 1.55511927243435
train/tv_reg_l2: 2.06202459576154
