lpips: 0.023499341681599617
mse: 0.0012442946899682283
psnr: 29.29820166342397
ssim: 0.9455834031105042
