lpips: 0.017702218145132065
mse: 0.0006239860667847097
psnr: 32.2775809634279
ssim: 0.9651947617530823
