iterations_per_sec: 33.491544780280655
train/distortion_loss: 0.0063406240449033
train/grad_norm: 0.02946858847457351
train/interlevel_loss: 0.00020899480994263984
train/iterations_per_sec: 33.491544780280655
train/l12_reg: 0.45985464465738546
train/loss: 0.0015184776410648618
train/mse: 0.0006555847352078993
train/psnr: 31.869217843720406
train/tv_reg_l1: 0.06316653526190555
train/tv_reg_l2: 0.018770279739089686
