iterations_per_sec: 15.868835904606556
train/distortion_loss: 0.3250908607786352
train/grad_norm: 0.16549398471610716
train/interlevel_loss: 0.001588310516025457
train/iterations_per_sec: 15.868835904606556
train/l12_reg: 2.350747464883207
train/loss: 0.005308114062768944
train/mse: 0.003394712708100225
train/psnr: 24.70009275879523
train/tv_reg_l1: 1.6759997871186998
train/tv_reg_l2: 2.153211644201568
