iterations_per_sec: 41.342034446548496
train/distortion_loss: 0.4451810395476794
train/grad_norm: 0.06279895187477873
train/interlevel_loss: 0.0024117043528781093
train/iterations_per_sec: 41.342034446548496
train/l12_reg: 0.7734514390579378
train/loss: 0.023148535195775706
train/mse: 0.020011882514062555
train/psnr: 16.98875282749985
train/tv_reg_l1: 0.12539758600971915
train/tv_reg_l2: 0.027976734394376927
