lpips: 0.007978152483701706
mse: 0.0003747754672076553
psnr: 34.50059463454677
ssim: 0.9865326881408691
