lpips: 0.009488901123404503
mse: 0.00044947012793272734
psnr: 33.60699451354075
ssim: 0.9843466281890869
