iterations_per_sec: 41.185696036217024
train/distortion_loss: 0.001159030454929429
train/grad_norm: 0.03484331351714303
train/interlevel_loss: 0.00012599790095165842
train/iterations_per_sec: 41.185696036217024
train/l12_reg: 0.27012922215943386
train/loss: 0.0008985347666006271
train/mse: 0.00040910364601365995
train/psnr: 33.95372691298976
train/tv_reg_l1: 0.02403061007234183
train/tv_reg_l2: 0.009214495666174575
