iterations_per_sec: 36.79196965774773
train/distortion_loss: 0.09937711383658226
train/grad_norm: 0.3687937736812264
train/interlevel_loss: 0.0017893434633886574
train/iterations_per_sec: 36.79196965774773
train/l12_reg: 0.7916848424709204
train/loss: 0.008322042591794573
train/mse: 0.005016862626441501
train/psnr: 22.99943451929574
train/tv_reg_l1: 0.18669958924404298
train/tv_reg_l2: 0.06247746775096113
