lpips: 0.022851217538118362
mse: 0.0008023488335311413
psnr: 31.180429771446992
ssim: 0.9567926526069641
