lpips: 0.028914837166666985
mse: 0.0014419545186683536
psnr: 28.619582655894803
ssim: 0.9371318221092224
