iterations_per_sec: 43.38372702748777
train/distortion_loss: 0.006509494318655043
train/grad_norm: 0.031076216392896393
train/interlevel_loss: 0.00022607498668190655
train/iterations_per_sec: 43.38372702748777
train/l12_reg: 0.4995347228315141
train/loss: 0.001789069092465621
train/mse: 0.0008434441194615581
train/psnr: 30.767715261440085
train/tv_reg_l1: 0.07035341964225576
train/tv_reg_l2: 0.021350575234703344
