lpips: 0.010958677157759666
mse: 0.00034232332836836576
psnr: 35.012288389528585
ssim: 0.9804609417915344
