lpips: 0.013341167010366917
mse: 0.0004114694893360138
psnr: 34.07828666062929
ssim: 0.9771933555603027
