iterations_per_sec: 20.9611305787369
train/distortion_loss: 0.0008376043265205667
train/grad_norm: 0.0006911911169123468
train/interlevel_loss: 0.00014895867956731695
train/iterations_per_sec: 20.9611305787369
train/l12_reg: 2.104694209917627
train/loss: 0.000507482257554063
train/mse: 0.00035768597312694925
train/psnr: 34.495195138334026
train/tv_reg_l1: 1.1976592504616939
train/tv_reg_l2: 1.473963393105401
