iterations_per_sec: 39.79338197876922
train/distortion_loss: 0.4864566311089679
train/grad_norm: 0.07955370049434479
train/interlevel_loss: 0.003293407156668378
train/iterations_per_sec: 39.79338197876922
train/l12_reg: 0.9592120527016996
train/loss: 0.01889506842226091
train/mse: 0.014797093327900376
train/psnr: 18.30094510858709
train/tv_reg_l1: 0.15196630433954375
train/tv_reg_l2: 0.031811134344098546
