lpips: 0.12992213666439056
mse: 0.001621879287995398
psnr: 27.970450727638887
ssim: 0.9002548456192017
