iterations_per_sec: 52.07826639597041
train/distortion_loss: 0.012738962319086899
train/grad_norm: 0.03250349392042016
train/interlevel_loss: 0.0007078240500913575
train/iterations_per_sec: 52.07826639597041
train/l12_reg: 1.1421513557434082
train/loss: 0.002321477603129666
train/mse: 0.0014908515561296784
train/psnr: 28.279000195589933
train/tv_reg_l1: 0.0761152831743462
train/tv_reg_l2: 0.01100630240721835
