iterations_per_sec: 12.508003971377846
train/distortion_loss: 0.21118506653742355
train/grad_norm: 0.32044605082935756
train/interlevel_loss: 0.003292225364764983
train/iterations_per_sec: 12.508003971377846
train/l12_reg: 2.2883717652523154
train/loss: 0.0093634400817782
train/mse: 0.005860029616289669
train/psnr: 22.323752451424646
train/tv_reg_l1: 1.7466511630048656
train/tv_reg_l2: 2.602876183962581
