lpips: 0.07940148562192917
mse: 0.001100346096791327
psnr: 29.789051808916593
ssim: 0.8800575137138367
