lpips: 0.08504451811313629
mse: 0.000810706929769367
psnr: 30.94782111083085
ssim: 0.8777201175689697
