iterations_per_sec: 17.741402560859843
train/distortion_loss: 0.01177485336107437
train/grad_norm: 0.02043108611057202
train/interlevel_loss: 0.000566161705082226
train/iterations_per_sec: 17.741402560859843
train/l12_reg: 2.235583579901493
train/loss: 0.0014083762124011462
train/mse: 0.0008304396601901813
train/psnr: 30.830919323545515
train/tv_reg_l1: 1.5173029044661859
train/tv_reg_l2: 1.8662997159090908
