lpips: 0.025503480806946754
mse: 0.0007504530949518085
psnr: 31.318054862121148
ssim: 0.9695965051651001
