lpips: 0.03005608171224594
mse: 0.0012161887716501951
psnr: 29.213354303515285
ssim: 0.9571434855461121
