iterations_per_sec: 32.90977144941583
train/distortion_loss: 0.014683893006859404
train/grad_norm: 0.015522224358235947
train/interlevel_loss: 0.0027602524190877722
train/iterations_per_sec: 32.90977144941583
train/l12_reg: 0.3125261218860896
train/loss: 0.0040487949924562314
train/mse: 0.0007950330360068216
train/psnr: 31.026726847947245
train/tv_reg_l1: 0.06779581044960503
train/tv_reg_l2: 0.016629950435023116
