iterations_per_sec: 20.819066969862035
train/distortion_loss: 0.2961457058636829
train/grad_norm: 0.22482957773738438
train/interlevel_loss: 0.0019300083660360688
train/iterations_per_sec: 20.819066969862035
train/l12_reg: 0.828807234162032
train/loss: 0.008587861424217922
train/mse: 0.004772177083662363
train/psnr: 23.218349148528745
train/tv_reg_l1: 0.22296749642401031
train/tv_reg_l2: 0.07607230589245305
