lpips: 0.09140791743993759
mse: 0.0008221146417781711
psnr: 30.884372842228387
ssim: 0.8793823719024658
