lpips: 0.08513906598091125
mse: 0.0010920201893895864
psnr: 29.7775984276256
ssim: 0.8819990754127502
