iterations_per_sec: 55.22451770491372
train/distortion_loss: 0.011233381409611966
train/grad_norm: 0.0008203854032961482
train/interlevel_loss: 0.00033253559230055394
train/iterations_per_sec: 55.22451770491372
train/l12_reg: 0.6023758469205914
train/loss: 0.0020411639225038918
train/mse: 0.0008437822930364296
train/psnr: 30.762593664304173
train/tv_reg_l1: 0.09037603475529739
train/tv_reg_l2: 0.025123677263506734
