lpips: 0.012586786411702633
mse: 0.0003911909880116582
psnr: 34.31095006489124
ssim: 0.9789271354675293
