lpips: 0.009527619928121567
mse: 0.0003014568064827472
psnr: 35.5300969900737
ssim: 0.9826900959014893
