iterations_per_sec: 17.86520753784998
train/distortion_loss: 0.001008966930605697
train/grad_norm: 0.01342886421509614
train/interlevel_loss: 0.0001575793836364579
train/iterations_per_sec: 17.86520753784998
train/l12_reg: 2.2506198955304697
train/loss: 0.000471882795211812
train/mse: 0.0003132944423329048
train/psnr: 35.07595644093523
train/tv_reg_l1: 1.3827221128675673
train/tv_reg_l2: 1.6674618395892056
