iterations_per_sec: 15.993295685978909
train/distortion_loss: 0.06952094572662103
train/grad_norm: 0.07967812771146948
train/interlevel_loss: 0.0018614043371112208
train/iterations_per_sec: 15.993295685978909
train/l12_reg: 2.2037487776592526
train/loss: 0.004914037375287576
train/mse: 0.0029831121115935872
train/psnr: 25.257298093853574
train/tv_reg_l1: 1.5783930980797969
train/tv_reg_l2: 2.0881438833294492
