iterations_per_sec: 39.079145564497146
train/distortion_loss: 0.5377460814485646
train/grad_norm: 0.049135355184776616
train/interlevel_loss: 0.001692270376775978
train/iterations_per_sec: 39.079145564497146
train/l12_reg: 1.027182072100013
train/loss: 0.006786988041542395
train/mse: 0.004354212588320176
train/psnr: 23.61820215167421
train/tv_reg_l1: 0.12170370999309751
train/tv_reg_l2: 0.02027589562490131
