lpips: 0.025942744687199593
mse: 0.0008531376952305436
psnr: 30.917276103095446
ssim: 0.9533604979515076
