lpips: 0.03227515146136284
mse: 0.0015330067835748196
psnr: 28.356792002008614
ssim: 0.9331833124160767
