iterations_per_sec: 58.69432419905299
train/distortion_loss: 0.006455597994529238
train/grad_norm: 0.0011850089049954531
train/interlevel_loss: 0.00025809576721377484
train/iterations_per_sec: 58.69432419905299
train/l12_reg: 0.4765446866401518
train/loss: 0.001860642180110168
train/mse: 0.0008903438104269556
train/psnr: 30.534759521484375
train/tv_reg_l1: 0.06466136112658664
train/tv_reg_l2: 0.022920230892722052
