iterations_per_sec: 44.74145786434326
train/distortion_loss: 0.06317038119140297
train/grad_norm: 0.12022898948252803
train/interlevel_loss: 0.000489077491996189
train/iterations_per_sec: 44.74145786434326
train/l12_reg: 0.47109195620122585
train/loss: 0.0022731019052291157
train/mse: 0.0010239691273638545
train/psnr: 29.90237763915399
train/tv_reg_l1: 0.07798918201164766
train/tv_reg_l2: 0.02257929460117311
