lpips: 0.012919360771775246
mse: 0.00043085962533950806
psnr: 34.128713790155324
ssim: 0.9723286628723145
