lpips: 0.009045646525919437
mse: 0.00023670881637372077
psnr: 36.3592002226093
ssim: 0.9782116413116455
