iterations_per_sec: 41.27973072258005
train/distortion_loss: 0.003288159382087414
train/grad_norm: 0.01828507835873299
train/interlevel_loss: 0.0005736253765232936
train/iterations_per_sec: 41.27973072258005
train/l12_reg: 0.531845971189364
train/loss: 0.001632990012171142
train/mse: 0.00025664417383571464
train/psnr: 35.96181884919754
train/tv_reg_l1: 0.08705761404049517
train/tv_reg_l2: 0.026758630694162965
