lpips: 0.0280805304646492
mse: 0.0014233519323170185
psnr: 28.685002637995563
ssim: 0.9382631182670593
