lpips: 0.02212171070277691
mse: 0.0007715857937000692
psnr: 31.37334994117957
ssim: 0.9576595425605774
