iterations_per_sec: 48.20756487210596
train/distortion_loss: 0.006465629956713228
train/grad_norm: 0.0329934661041456
train/interlevel_loss: 0.00018430811604673063
train/iterations_per_sec: 48.20756487210596
train/l12_reg: 0.42045458549200887
train/loss: 0.0016025394081335628
train/mse: 0.0008040024626134622
train/psnr: 30.9770912016281
train/tv_reg_l1: 0.05470371148501984
train/tv_reg_l2: 0.0187308606738695
