lpips: 0.029238631948828697
mse: 0.0012902372982352972
psnr: 28.970378602509125
ssim: 0.9569860100746155
