lpips: 0.025035277009010315
mse: 0.0008070243638940156
psnr: 30.99919829681184
ssim: 0.9684870839118958
