iterations_per_sec: 48.25333139462679
train/distortion_loss: 0.011004053460753928
train/grad_norm: 0.01820872498281074
train/interlevel_loss: 0.0027320669032633305
train/iterations_per_sec: 48.25333139462679
train/l12_reg: 0.32084423935774603
train/loss: 0.0040444394460681715
train/mse: 0.0008202085925284961
train/psnr: 30.88338921286843
train/tv_reg_l1: 0.05887257266375753
train/tv_reg_l2: 0.016031564222742812
