iterations_per_sec: 39.228617800016174
train/distortion_loss: 0.20600496021786122
train/grad_norm: 0.055012301099721835
train/interlevel_loss: 0.0012068089387012701
train/iterations_per_sec: 39.228617800016174
train/l12_reg: 0.9946082770222365
train/loss: 0.007974676604410915
train/mse: 0.006317044100300832
train/psnr: 21.99766380618317
train/tv_reg_l1: 0.12286134997401575
train/tv_reg_l2: 0.0244818628398758
