iterations_per_sec: 41.66073521804008
train/distortion_loss: 0.12047859221094787
train/grad_norm: 0.10643782778972327
train/interlevel_loss: 0.0007649971151047132
train/iterations_per_sec: 41.66073521804008
train/l12_reg: 0.6888022115736296
train/loss: 0.018638930123562766
train/mse: 0.017325249716940553
train/psnr: 17.615205321649107
train/tv_reg_l1: 0.12751640228912084
train/tv_reg_l2: 0.04282047189395837
