lpips: 0.08949165046215057
mse: 0.0017033591866493225
psnr: 28.83303513046154
ssim: 0.8724684119224548
