lpips: 0.09175558388233185
mse: 0.0009032501839101315
psnr: 30.47718475886377
ssim: 0.8708886504173279
