iterations_per_sec: 21.984501202984973
train/distortion_loss: 0.010479294854884197
train/grad_norm: 0.0010931688540784473
train/interlevel_loss: 0.0005736802093157864
train/iterations_per_sec: 21.984501202984973
train/l12_reg: 2.200814957570548
train/loss: 0.0014960959276203254
train/mse: 0.000911936436713946
train/psnr: 30.42651833428277
train/tv_reg_l1: 1.4454820372841575
train/tv_reg_l2: 1.8971669685961021
