iterations_per_sec: 40.07190619725886
train/distortion_loss: 0.3316820917105434
train/grad_norm: 0.07119773644389528
train/interlevel_loss: 0.00226097662152365
train/iterations_per_sec: 40.07190619725886
train/l12_reg: 1.366779888519133
train/loss: 0.04096818203576887
train/mse: 0.03806021056994043
train/psnr: 14.196309947004222
train/tv_reg_l1: 0.12797919788745918
train/tv_reg_l2: 0.03153127586149206
