lpips: 0.08024214953184128
mse: 0.0006955105345696211
psnr: 31.61861938748434
ssim: 0.8900274038314819
