lpips: 0.07337407767772675
mse: 0.0009138821624219418
psnr: 30.538468484212725
ssim: 0.8922874927520752
