iterations_per_sec: 38.83845014392073
train/distortion_loss: 0.01142312651217887
train/grad_norm: 0.019178800567081482
train/interlevel_loss: 0.0003138363027399538
train/iterations_per_sec: 38.83845014392073
train/l12_reg: 0.5231911010212369
train/loss: 0.0017785467242709165
train/mse: 0.0007133391254224034
train/psnr: 31.492406016648417
train/tv_reg_l1: 0.07674397595904091
train/tv_reg_l2: 0.02167570376486489
