iterations_per_sec: 42.628367786644354
train/distortion_loss: 0.3460627267457018
train/grad_norm: 0.08520196479829875
train/interlevel_loss: 0.0026079687605038136
train/iterations_per_sec: 42.628367786644354
train/l12_reg: 1.0240524670090339
train/loss: 0.027124094861474903
train/mse: 0.023889427026263392
train/psnr: 16.219606081644695
train/tv_reg_l1: 0.1375276736839853
train/tv_reg_l2: 0.0280636264331112
