lpips: 0.08686485141515732
mse: 0.0011002069804817438
psnr: 29.71577695752512
ssim: 0.879403829574585
