lpips: 0.09502162784337997
mse: 0.0008608273928985
psnr: 30.684564644121906
ssim: 0.8745097517967224
