iterations_per_sec: 49.25824141762618
train/distortion_loss: 0.010944615287536924
train/grad_norm: 0.02246383179656484
train/interlevel_loss: 0.00035185845729876123
train/iterations_per_sec: 49.25824141762618
train/l12_reg: 0.6187025826386731
train/loss: 0.002116095452249577
train/mse: 0.0008728976386147692
train/psnr: 30.614000185571534
train/tv_reg_l1: 0.09928151024411423
train/tv_reg_l2: 0.02616921505617975
