lpips: 0.27881932258605957
mse: 0.006607742514461279
psnr: 22.06139192357354
ssim: 0.739683985710144
