iterations_per_sec: 51.283298048064616
train/distortion_loss: 0.037213446553608386
train/grad_norm: 0.09947387990776939
train/interlevel_loss: 0.0010540190345673548
train/iterations_per_sec: 51.283298048064616
train/l12_reg: 1.0885984403918487
train/loss: 0.0064956272218489285
train/mse: 0.00517669798467647
train/psnr: 22.871758682559236
train/tv_reg_l1: 0.12368280666344093
train/tv_reg_l2: 0.022769676032240945
