iterations_per_sec: 35.60848356662624
train/distortion_loss: 0.2513055988032408
train/grad_norm: 0.1857594834132628
train/interlevel_loss: 0.0009218658516983116
train/iterations_per_sec: 35.60848356662624
train/l12_reg: 0.8869072289177866
train/loss: 0.004436682185365094
train/mse: 0.0018444658043051158
train/psnr: 27.351042159880052
train/tv_reg_l1: 0.20610759625531205
train/tv_reg_l2: 0.053213762665035746
