lpips: 0.010143223218619823
mse: 0.0004685321473516524
psnr: 33.417412059854804
ssim: 0.983115553855896
