lpips: 0.008943463675677776
mse: 0.00039742878288961947
psnr: 34.244801237466405
ssim: 0.9851315021514893
