iterations_per_sec: 31.338152216002076
train/distortion_loss: 0.0010015771758385152
train/grad_norm: 0.0361160080164972
train/interlevel_loss: 7.796061162471141e-05
train/iterations_per_sec: 31.338152216002076
train/l12_reg: 0.2784735117897843
train/loss: 0.0008808955728932462
train/mse: 0.0004331925910347226
train/psnr: 33.68719624991369
train/tv_reg_l1: 0.026832057990961604
train/tv_reg_l2: 0.009026726472633655
