iterations_per_sec: 36.72832907439465
train/distortion_loss: 0.8192386085336859
train/grad_norm: 0.128057864880321
train/interlevel_loss: 0.0023162555363443163
train/iterations_per_sec: 36.72832907439465
train/l12_reg: 1.4393246932463213
train/loss: 0.02320879799398509
train/mse: 0.01973914001325164
train/psnr: 17.048017155040394
train/tv_reg_l1: 0.1462747221342241
train/tv_reg_l2: 0.033416382178212654
