iterations_per_sec: 41.46592745963983
train/distortion_loss: 0.052949947126284994
train/grad_norm: 0.07492418553341519
train/interlevel_loss: 0.0009424222458031668
train/iterations_per_sec: 41.46592745963983
train/l12_reg: 0.4046238892608219
train/loss: 0.004835476590828462
train/mse: 0.00321582693258545
train/psnr: 24.93081661185833
train/tv_reg_l1: 0.06416130848605224
train/tv_reg_l2: 0.021965354530498235
