lpips: 0.10193664580583572
mse: 0.0012870504288002849
psnr: 28.97740846528065
ssim: 0.9154150485992432
