iterations_per_sec: 51.87646167694649
train/distortion_loss: 0.008221313202132782
train/grad_norm: 0.03301098166654507
train/interlevel_loss: 0.00032029394060373306
train/iterations_per_sec: 51.87646167694649
train/l12_reg: 0.9740224721455815
train/loss: 0.001625503742634648
train/mse: 0.0011982747237198055
train/psnr: 29.231029240771978
train/tv_reg_l1: 0.06844696417601422
train/tv_reg_l2: 0.009871376386721326
