iterations_per_sec: 36.48903838444407
train/distortion_loss: 0.5918811427222358
train/grad_norm: 0.05082186398030532
train/interlevel_loss: 0.0022940441420433496
train/iterations_per_sec: 36.48903838444407
train/l12_reg: 1.1369542485535746
train/loss: 0.019469403182015274
train/mse: 0.01630941549824043
train/psnr: 17.877137135977698
train/tv_reg_l1: 0.12907332452860745
train/tv_reg_l2: 0.027406226185084592
