lpips: 0.03940725326538086
mse: 0.001400116365402937
psnr: 28.61175246110909
ssim: 0.9499151110649109
