lpips: 0.05050170049071312
mse: 0.0032360348850488663
psnr: 25.210059947867695
ssim: 0.9306197166442871
