iterations_per_sec: 38.26055627663242
train/distortion_loss: 0.012784166365034051
train/grad_norm: 0.03630953432634623
train/interlevel_loss: 0.0005796807335990698
train/iterations_per_sec: 38.26055627663242
train/l12_reg: 0.5429743257435885
train/loss: 0.0029565112246670807
train/mse: 0.0014871910527216815
train/psnr: 28.299082939070885
train/tv_reg_l1: 0.11480815994619119
train/tv_reg_l2: 0.033388090366968
