lpips: 0.1270115226507187
mse: 0.002723028650507331
psnr: 25.670703611964242
ssim: 0.9218533039093018
