iterations_per_sec: 49.371368511910106
train/distortion_loss: 0.003988990920003165
train/grad_norm: 0.06880518263488104
train/interlevel_loss: 0.00035990119854110585
train/iterations_per_sec: 49.371368511910106
train/l12_reg: 0.8432173548322736
train/loss: 0.003072797849943692
train/mse: 0.0025431749180448476
train/psnr: 25.972289287682734
train/tv_reg_l1: 0.09014963606993358
train/tv_reg_l2: 0.016573275129000347
