iterations_per_sec: 16.601109442657503
train/distortion_loss: 0.28492620075591885
train/grad_norm: 0.16888476050261295
train/interlevel_loss: 0.0019105963945163019
train/iterations_per_sec: 16.601109442657503
train/l12_reg: 2.4418800575564608
train/loss: 0.006532492854566586
train/mse: 0.00433697026561607
train/psnr: 23.631409519850607
train/tv_reg_l1: 1.7301691794636274
train/tv_reg_l2: 2.253126611613264
