iterations_per_sec: 38.541556406670246
train/distortion_loss: 0.24428315716560442
train/grad_norm: 0.0796148878606883
train/interlevel_loss: 0.0024282627320387448
train/iterations_per_sec: 38.541556406670246
train/l12_reg: 1.1618365663470644
train/loss: 0.012311346424423684
train/mse: 0.009363019020494186
train/psnr: 20.289675086435647
train/tv_reg_l1: 0.12968496797662793
train/tv_reg_l2: 0.027578150420778928
