lpips: 0.014637594111263752
mse: 0.0002511951606720686
psnr: 36.71869133846362
ssim: 0.979936957359314
