lpips: 0.01232913602143526
mse: 0.00015191503916867077
psnr: 38.25240006724234
ssim: 0.9821088910102844
