iterations_per_sec: 38.72485936659978
train/distortion_loss: 0.002673303075793265
train/grad_norm: 0.008426912300608526
train/interlevel_loss: 0.00011902835441757972
train/iterations_per_sec: 38.72485936659978
train/l12_reg: 0.39707996568294485
train/loss: 0.0007630171868103472
train/mse: 0.00015668258143852306
train/psnr: 38.08797551164724
train/tv_reg_l1: 0.038681671173885615
train/tv_reg_l2: 0.008755295462153777
