iterations_per_sec: 12.563382707798885
train/distortion_loss: 0.08900971424700034
train/grad_norm: 0.08381502962473666
train/interlevel_loss: 0.001886642372207434
train/iterations_per_sec: 12.563382707798885
train/l12_reg: 2.1931396156850487
train/loss: 0.004854794173040474
train/mse: 0.002879142067442187
train/psnr: 25.41119463756831
train/tv_reg_l1: 1.6230323663865678
train/tv_reg_l2: 2.2546739698660496
