lpips: 0.16398395597934723
mse: 0.005124528426676989
psnr: 22.989490005347893
ssim: 0.8101867437362671
