iterations_per_sec: 52.08017994150923
train/distortion_loss: 0.013483285508824118
train/grad_norm: 0.06253604297385071
train/interlevel_loss: 0.0005857086313577989
train/iterations_per_sec: 52.08017994150923
train/l12_reg: 0.9569602777259518
train/loss: 0.005354303001153349
train/mse: 0.004575421685597512
train/psnr: 23.403004116482204
train/tv_reg_l1: 0.10012517989885927
train/tv_reg_l2: 0.01796893376593638
