lpips: 0.01733936369419098
mse: 0.0007899173069745302
psnr: 31.07929389376836
ssim: 0.9692132472991943
