lpips: 0.01550646685063839
mse: 0.0005664577474817634
psnr: 32.53471459098654
ssim: 0.976804256439209
