iterations_per_sec: 43.61461314113547
train/distortion_loss: 0.004812535796916545
train/grad_norm: 0.014911068076587687
train/interlevel_loss: 0.00043378412286101866
train/iterations_per_sec: 43.61461314113547
train/l12_reg: 0.38744608711714695
train/loss: 0.0016125333554233717
train/mse: 0.0006002021713577436
train/psnr: 32.24930797923695
train/tv_reg_l1: 0.059365456942657026
train/tv_reg_l2: 0.018628843467343937
