lpips: 0.12203655391931534
mse: 0.002668190049007535
psnr: 25.75728482438551
ssim: 0.9241190552711487
