iterations_per_sec: 50.3657928547707
train/distortion_loss: 0.004448963907744848
train/grad_norm: 0.07273784426577164
train/interlevel_loss: 0.00038712129239087
train/iterations_per_sec: 50.3657928547707
train/l12_reg: 0.8765441630825852
train/loss: 0.003104558080491243
train/mse: 0.0025401873198911697
train/psnr: 25.979302261814926
train/tv_reg_l1: 0.09314231077829997
train/tv_reg_l2: 0.017280051051968275
