lpips: 0.018662454560399055
mse: 0.000915220589376986
psnr: 30.545963838821
ssim: 0.9676554799079895
