lpips: 0.013871903531253338
mse: 0.00046221184311434627
psnr: 33.416084741297524
ssim: 0.9793367981910706
