iterations_per_sec: 22.130104641186357
train/distortion_loss: 0.011269202314768776
train/grad_norm: 0.0009936573985738285
train/interlevel_loss: 0.0003260094819430525
train/iterations_per_sec: 22.130104641186357
train/l12_reg: 2.285716760038125
train/loss: 0.000818898603249567
train/mse: 0.00048161991971845956
train/psnr: 33.20228740422412
train/tv_reg_l1: 1.9544094788907753
train/tv_reg_l2: 2.8465410386673127
