iterations_per_sec: 44.79146852852038
train/distortion_loss: 0.2825092893056195
train/grad_norm: 0.23919915159543356
train/interlevel_loss: 0.0019339546678832384
train/iterations_per_sec: 44.79146852852038
train/l12_reg: 0.8829854576274602
train/loss: 0.009234884650342993
train/mse: 0.005385648294568363
train/psnr: 22.692857973503344
train/tv_reg_l1: 0.23352187811726272
train/tv_reg_l2: 0.07497869266404046
