lpips: 0.23497524857521057
mse: 0.010257507674396038
psnr: 19.956783984962335
ssim: 0.8011128306388855
