iterations_per_sec: 48.22706557022983
train/distortion_loss: 0.012023197449367456
train/grad_norm: 0.0755802442630132
train/interlevel_loss: 0.0011927213383405798
train/iterations_per_sec: 48.22706557022983
train/l12_reg: 0.8956249765675477
train/loss: 0.010305505076592619
train/mse: 0.00890431110982341
train/psnr: 20.515932853775794
train/tv_reg_l1: 0.10229893043787792
train/tv_reg_l2: 0.01964495334811885
