lpips: 0.1755990982055664
mse: 0.005223768763244152
psnr: 22.93716767089154
ssim: 0.8397225141525269
