iterations_per_sec: 47.33034868681171
train/distortion_loss: 0.007912694119067505
train/grad_norm: 0.1069599421638431
train/interlevel_loss: 0.0013470773084202046
train/iterations_per_sec: 47.33034868681171
train/l12_reg: 0.7281278112922052
train/loss: 0.005980304973858474
train/mse: 0.004486361012859929
train/psnr: 23.496668825245866
train/tv_reg_l1: 0.07840152054724067
train/tv_reg_l2: 0.013895394148850682
