lpips: 0.1415759176015854
mse: 0.005524264648556709
psnr: 22.62877806580998
ssim: 0.8705569505691528
