iterations_per_sec: 52.636329809945586
train/distortion_loss: 0.015800660240906057
train/grad_norm: 0.03373534097853634
train/interlevel_loss: 0.000626915002787354
train/iterations_per_sec: 52.636329809945586
train/l12_reg: 0.7494111470501832
train/loss: 0.005563038749375728
train/mse: 0.004748890623262133
train/psnr: 23.24314868811405
train/tv_reg_l1: 0.09959678585180129
train/tv_reg_l2: 0.01714324804418015
