iterations_per_sec: 13.382470889555593
train/distortion_loss: 0.2647433956765165
train/grad_norm: 0.16356513882526244
train/interlevel_loss: 0.0015193305808505176
train/iterations_per_sec: 13.382470889555593
train/l12_reg: 2.456090544209336
train/loss: 0.003566585864514263
train/mse: 0.0017825118795206602
train/psnr: 27.499482935125176
train/tv_reg_l1: 1.6683423928540162
train/tv_reg_l2: 2.030095196733571
