iterations_per_sec: 16.47133724775959
train/distortion_loss: 0.07637280090288683
train/grad_norm: 0.18177064696345666
train/interlevel_loss: 0.0022433727598664436
train/iterations_per_sec: 16.47133724775959
train/l12_reg: 0.736032880917944
train/loss: 0.005875713610551273
train/mse: 0.002351825073775318
train/psnr: 26.29713318564675
train/tv_reg_l1: 0.13565922009222436
train/tv_reg_l2: 0.0468110093338923
