lpips: 0.07771298289299011
mse: 0.001080628135241568
psnr: 29.886961300921158
ssim: 0.8819741606712341
