lpips: 0.08352313935756683
mse: 0.0007924610399641097
psnr: 31.044766630083892
ssim: 0.8801530599594116
