iterations_per_sec: 16.35912547294821
train/distortion_loss: 0.012082625105224475
train/grad_norm: 0.017096521022419136
train/interlevel_loss: 0.0005669984696056656
train/iterations_per_sec: 16.35912547294821
train/l12_reg: 2.1609654546988133
train/loss: 0.001383232728888591
train/mse: 0.0008041516341494792
train/psnr: 30.971845703895646
train/tv_reg_l1: 1.4286926912538933
train/tv_reg_l2: 1.6433248014161081
