iterations_per_sec: 15.560983369340052
train/distortion_loss: 0.06218058785254305
train/grad_norm: 0.11781687507725726
train/interlevel_loss: 0.0010406802957548262
train/iterations_per_sec: 15.560983369340052
train/l12_reg: 1.953697438191886
train/loss: 0.0021351190246265343
train/mse: 0.0010322581522749983
train/psnr: 29.867407172617288
train/tv_reg_l1: 1.3773580897938122
train/tv_reg_l2: 1.830132736100091
