lpips: 0.008976536802947521
mse: 0.0004378620651550591
psnr: 33.738866023225505
ssim: 0.9846720695495605
