lpips: 0.0075194877572357655
mse: 0.0003570436965674162
psnr: 34.71260618221845
ssim: 0.9869638681411743
