iterations_per_sec: 36.22906347158942
train/distortion_loss: 0.0012082378497591825
train/grad_norm: 0.03413642384111881
train/interlevel_loss: 9.926404126959786e-05
train/iterations_per_sec: 36.22906347158942
train/l12_reg: 0.2818688816494412
train/loss: 0.0008698543574839756
train/mse: 0.0003918997903420317
train/psnr: 34.1268011921584
train/tv_reg_l1: 0.02694525257355035
train/tv_reg_l2: 0.009561340286951475
