iterations_per_sec: 37.80793430913616
train/distortion_loss: 0.19946966568628946
train/grad_norm: 0.06189810179851272
train/interlevel_loss: 0.0012360216492335453
train/iterations_per_sec: 37.80793430913616
train/l12_reg: 1.0008259451750554
train/loss: 0.007313991736884069
train/mse: 0.005639983185877402
train/psnr: 22.49027101921313
train/tv_reg_l1: 0.12051636906284274
train/tv_reg_l2: 0.02385172125591774
