lpips: 0.01649862341582775
mse: 0.0007211993797682226
psnr: 31.47852337758999
ssim: 0.9705715775489807
