lpips: 0.014367511495947838
mse: 0.0005183076718822122
psnr: 32.933343509988724
ssim: 0.978041410446167
