iterations_per_sec: 55.63735743040825
train/distortion_loss: 0.003841632015231733
train/grad_norm: 0.014869427868174483
train/interlevel_loss: 0.0003167072324566731
train/iterations_per_sec: 55.63735743040825
train/l12_reg: 0.3594424556000064
train/loss: 0.0013980000065827761
train/mse: 0.000540208565059466
train/psnr: 32.70469628921663
train/tv_reg_l1: 0.049928900230713565
train/tv_reg_l2: 0.017780010861278783
