lpips: 0.2465570867061615
mse: 0.005304180551320314
psnr: 22.862417288242558
ssim: 0.7539997696876526
