iterations_per_sec: 29.109505846978887
train/distortion_loss: 0.018069053294532227
train/grad_norm: 0.07457209925985697
train/interlevel_loss: 0.0008507532025264068
train/iterations_per_sec: 29.109505846978887
train/l12_reg: 1.290230150174613
train/loss: 0.005644808989018202
train/mse: 0.0045714775533086125
train/psnr: 23.416668188692345
train/tv_reg_l1: 0.11373900449035143
train/tv_reg_l2: 0.020450921917353013
