iterations_per_sec: 13.002447561736187
train/distortion_loss: 0.1710417947985909
train/grad_norm: 0.1671015830202536
train/interlevel_loss: 0.002456599874704173
train/iterations_per_sec: 13.002447561736187
train/l12_reg: 2.230194571042302
train/loss: 0.005111031902182584
train/mse: 0.00248339020346075
train/psnr: 26.059910571936406
train/tv_reg_l1: 1.6092534294032088
train/tv_reg_l2: 2.1479640368259316
