iterations_per_sec: 53.135131554540784
train/distortion_loss: 0.06405646094318593
train/grad_norm: 0.10778916499229392
train/interlevel_loss: 0.0005629180220303812
train/iterations_per_sec: 53.135131554540784
train/l12_reg: 0.473284160850024
train/loss: 0.002418375698699042
train/mse: 0.0010712508651935918
train/psnr: 29.706373811972263
train/tv_reg_l1: 0.08060653635648767
train/tv_reg_l2: 0.024686615029820287
