iterations_per_sec: 16.088117162262982
train/distortion_loss: 0.18813922790565876
train/grad_norm: 0.3114240648168506
train/interlevel_loss: 0.003272293396576336
train/iterations_per_sec: 16.088117162262982
train/l12_reg: 2.3683705715217975
train/loss: 0.009602679024365816
train/mse: 0.006142246372282806
train/psnr: 22.119224008887706
train/tv_reg_l1: 1.8062748788583158
train/tv_reg_l2: 2.717450671725803
