lpips: 0.013453797437250614
mse: 0.00041446249815635383
psnr: 34.045329536239336
ssim: 0.9778739809989929
