lpips: 0.010805470868945122
mse: 0.00034146502730436623
psnr: 35.00911605375637
ssim: 0.9812601208686829
