iterations_per_sec: 64.47502100204157
train/distortion_loss: 0.0009377999389967458
train/grad_norm: 0.0006111570645119017
train/interlevel_loss: 0.00010320298690313587
train/iterations_per_sec: 64.47502100204157
train/l12_reg: 0.35274859480183535
train/loss: 0.0009337027005691345
train/mse: 0.00035851607287321427
train/psnr: 34.48623337408509
train/tv_reg_l1: 0.03443784172637294
train/tv_reg_l2: 0.011829723462913975
