lpips: 0.010607820004224777
mse: 0.00033176515717059374
psnr: 35.12749722565728
ssim: 0.9817044734954834
