lpips: 0.013269104063510895
mse: 0.00040300132241100073
psnr: 34.1616454013349
ssim: 0.9783383011817932
