iterations_per_sec: 66.51530121773006
train/distortion_loss: 0.0009468070253720413
train/grad_norm: 0.000586941527235651
train/interlevel_loss: 0.00010632523436938892
train/iterations_per_sec: 66.51530121773006
train/l12_reg: 0.35234697358776823
train/loss: 0.0009272019237731442
train/mse: 0.00034915851082210664
train/psnr: 34.60577982122248
train/tv_reg_l1: 0.03506624201933543
train/tv_reg_l2: 0.011842437812851535
