iterations_per_sec: 13.802864587124304
train/distortion_loss: 0.26005301045046914
train/grad_norm: 0.15813516373887207
train/interlevel_loss: 0.0016019471775213577
train/iterations_per_sec: 13.802864587124304
train/l12_reg: 2.488574015973794
train/loss: 0.0037674255659709676
train/mse: 0.0019054253646784058
train/psnr: 27.208562272967715
train/tv_reg_l1: 1.6896910860080911
train/tv_reg_l2: 2.0522997403385665
