lpips: 0.08429878950119019
mse: 0.0010619519744068384
psnr: 29.859881316424595
ssim: 0.8809084296226501
