lpips: 0.0914546325802803
mse: 0.0008392653544433415
psnr: 30.7954125850657
ssim: 0.877078652381897
