iterations_per_sec: 54.915694362540876
train/distortion_loss: 0.010811600805909344
train/grad_norm: 0.026047870662590168
train/interlevel_loss: 0.00031226986432400993
train/iterations_per_sec: 54.915694362540876
train/l12_reg: 0.5134999860416759
train/loss: 0.0019021372926995308
train/mse: 0.0008524139311794906
train/psnr: 30.72012201944987
train/tv_reg_l1: 0.07497492327232554
train/tv_reg_l2: 0.021314188499342312
