lpips: 0.014242410659790039
mse: 0.0005218936712481081
psnr: 32.89540718852892
ssim: 0.9781320095062256
