lpips: 0.01616893708705902
mse: 0.0007214787765406072
psnr: 31.476876087755485
ssim: 0.9707921743392944
