iterations_per_sec: 50.90527049348679
train/distortion_loss: 0.003917339815278397
train/grad_norm: 0.014318200496185308
train/interlevel_loss: 0.0003413079301191663
train/iterations_per_sec: 50.90527049348679
train/l12_reg: 0.36017082977776577
train/loss: 0.0014351132782082065
train/mse: 0.0005520324865379606
train/psnr: 32.610865429194284
train/tv_reg_l1: 0.05132863960332341
train/tv_reg_l2: 0.017768468068103598
