lpips: 0.013348874635994434
mse: 0.00040152345900423825
psnr: 34.18350323341733
ssim: 0.9784471392631531
