lpips: 0.010496428236365318
mse: 0.00032558481325395405
psnr: 35.21142193717427
ssim: 0.9819701313972473
