iterations_per_sec: 55.52665481069221
train/distortion_loss: 0.0009448004950007254
train/grad_norm: 0.016658299249794447
train/interlevel_loss: 0.0001140120808173893
train/iterations_per_sec: 55.52665481069221
train/l12_reg: 0.34684133439353015
train/loss: 0.0009198771311073668
train/mse: 0.00034078379659066826
train/psnr: 34.708729676526005
train/tv_reg_l1: 0.03449925942101864
train/tv_reg_l2: 0.011729511761605138
