lpips: 0.2269226461648941
mse: 0.01019767764955759
psnr: 19.96848404917705
ssim: 0.8054394721984863
