iterations_per_sec: 46.38511799919014
train/distortion_loss: 0.009551478277026402
train/grad_norm: 0.07452547696955276
train/interlevel_loss: 0.0007810238378376446
train/iterations_per_sec: 46.38511799919014
train/l12_reg: 0.9131880414606345
train/loss: 0.009984727807794556
train/mse: 0.008968093376042265
train/psnr: 20.485673114506884
train/tv_reg_l1: 0.1103621268964777
train/tv_reg_l2: 0.022605927171881753
