iterations_per_sec: 41.30168175205566
train/distortion_loss: 0.1344973694796514
train/grad_norm: 0.014929598742964291
train/interlevel_loss: 0.0009882383805821942
train/iterations_per_sec: 41.30168175205566
train/l12_reg: 0.5722151079563179
train/loss: 0.007718839151126267
train/mse: 0.006506341114414461
train/psnr: 21.868737846913962
train/tv_reg_l1: 0.0482047585525898
train/tv_reg_l2: 0.008976224781663128
