lpips: 0.012775595299899578
mse: 0.00045961246360093355
psnr: 33.44896021098899
ssim: 0.980370283126831
