lpips: 0.015187871642410755
mse: 0.0007006234955042601
psnr: 31.61922767667673
ssim: 0.9722666144371033
