iterations_per_sec: 36.28009550208512
train/distortion_loss: 0.0049710257609158455
train/grad_norm: 0.013683976534979813
train/interlevel_loss: 0.0003244261230304461
train/iterations_per_sec: 36.28009550208512
train/l12_reg: 0.38569040762053597
train/loss: 0.001399364997397619
train/mse: 0.0004884140551880454
train/psnr: 33.14289869443335
train/tv_reg_l1: 0.062203582263354096
train/tv_reg_l2: 0.019586337241108972
