lpips: 0.1370495855808258
mse: 0.00542506342753768
psnr: 22.703491172664577
ssim: 0.870364248752594
