iterations_per_sec: 35.58361206988175
train/distortion_loss: 0.016237057077538485
train/grad_norm: 0.03585795203995223
train/interlevel_loss: 0.000410998614053383
train/iterations_per_sec: 35.58361206988175
train/l12_reg: 0.7552855135214449
train/loss: 0.005211985613586325
train/mse: 0.004613204031354851
train/psnr: 23.368228816022775
train/tv_reg_l1: 0.10264546070436034
train/tv_reg_l2: 0.017154589351831062
