iterations_per_sec: 38.33024421223897
train/distortion_loss: 0.04587681249085099
train/grad_norm: 0.017295978737599922
train/interlevel_loss: 0.0002385152930410278
train/iterations_per_sec: 38.33024421223897
train/l12_reg: 0.6337208025383226
train/loss: 0.028355532184694752
train/mse: 0.027997903695160694
train/psnr: 15.52973017066416
train/tv_reg_l1: 0.04046886655116322
train/tv_reg_l2: 0.007323635774993837
