iterations_per_sec: 40.52761441789303
train/distortion_loss: 0.45579095500888245
train/grad_norm: 0.05139519415344253
train/interlevel_loss: 0.002458883421213338
train/iterations_per_sec: 40.52761441789303
train/l12_reg: 1.0692951016955905
train/loss: 0.01943435382587139
train/mse: 0.01624078085326185
train/psnr: 17.89569845103254
train/tv_reg_l1: 0.13460699115136657
train/tv_reg_l2: 0.027889851631239207
