lpips: 0.04078632965683937
mse: 0.0023706932552158833
psnr: 26.725572228404125
ssim: 0.9248436689376831
