lpips: 0.02293422445654869
mse: 0.0006497329450212419
psnr: 32.08229667998044
ssim: 0.9598343372344971
