iterations_per_sec: 17.217542768984845
train/distortion_loss: 0.016829700839489398
train/grad_norm: 0.024680062234777995
train/interlevel_loss: 0.0004700066567624383
train/iterations_per_sec: 17.217542768984845
train/l12_reg: 2.580485382465401
train/loss: 0.001161672122014517
train/mse: 0.0006748357654850215
train/psnr: 31.738889520818535
train/tv_reg_l1: 1.9655923470102175
train/tv_reg_l2: 3.0474338964982466
