iterations_per_sec: 21.794666767798347
train/distortion_loss: 0.13769352421013994
train/grad_norm: 0.30112482471899554
train/interlevel_loss: 0.0014980721506149027
train/iterations_per_sec: 21.794666767798347
train/l12_reg: 0.6282613391828056
train/loss: 0.008634190884127159
train/mse: 0.005756874658129733
train/psnr: 22.40021638195924
train/tv_reg_l1: 0.13300917425540962
train/tv_reg_l2: 0.06132891838147183
