lpips: 0.0114792725071311
mse: 0.0003590962151065469
psnr: 34.65326544729734
ssim: 0.9807100892066956
