lpips: 0.008887114934623241
mse: 0.00028593663591891527
psnr: 35.76168932615598
ssim: 0.9841079115867615
