iterations_per_sec: 31.74554646245915
train/distortion_loss: 0.000974888775751672
train/grad_norm: 0.01464844330430332
train/interlevel_loss: 0.0001187957238995075
train/iterations_per_sec: 31.74554646245915
train/l12_reg: 0.35028899558866866
train/loss: 0.0008896098794377964
train/mse: 0.000301693546446981
train/psnr: 35.243178858901516
train/tv_reg_l1: 0.03479826104159307
train/tv_reg_l2: 0.011785669675604864
