lpips: 0.0285553690046072
mse: 0.0008579119457863271
psnr: 30.729354990147623
ssim: 0.966094970703125
