lpips: 0.03430410474538803
mse: 0.0014263433404266834
psnr: 28.54951186611832
ssim: 0.9526437520980835
