iterations_per_sec: 50.26474365440408
train/distortion_loss: 0.016715612704630452
train/grad_norm: 0.020303182849528815
train/interlevel_loss: 0.0030514289356881018
train/iterations_per_sec: 50.26474365440408
train/l12_reg: 0.34485652139692596
train/loss: 0.004500652070749889
train/mse: 0.0009085536814492309
train/psnr: 30.449700500025894
train/tv_reg_l1: 0.07703692435917228
train/tv_reg_l2: 0.017909729213576125
