lpips: 0.011583925224840641
mse: 0.0003621341602411121
psnr: 34.62799667294109
ssim: 0.9805738925933838
