lpips: 0.009185072034597397
mse: 0.00029492625617422163
psnr: 35.648498870749265
ssim: 0.9837344884872437
