iterations_per_sec: 54.5614179771455
train/distortion_loss: 0.0009285129419753723
train/grad_norm: 0.000520043638346698
train/interlevel_loss: 0.00011918031191041768
train/iterations_per_sec: 54.5614179771455
train/l12_reg: 0.34730807247788015
train/loss: 0.0008920718847557601
train/mse: 0.00030962690667512665
train/psnr: 35.125193046801016
train/tv_reg_l1: 0.03381659658719795
train/tv_reg_l2: 0.011502806501782904
