lpips: 0.09876979887485504
mse: 0.0013191705802455544
psnr: 28.908170002575197
ssim: 0.9160742163658142
