iterations_per_sec: 46.70192662431682
train/distortion_loss: 0.008449371179772748
train/grad_norm: 0.026097038281009052
train/interlevel_loss: 0.0002919769327913533
train/iterations_per_sec: 46.70192662431682
train/l12_reg: 0.9629474529112229
train/loss: 0.0015622143271482652
train/mse: 0.0011713899627346733
train/psnr: 29.327165102717853
train/tv_reg_l1: 0.0643903607069844
train/tv_reg_l2: 0.00903980644664379
