lpips: 0.008577357977628708
mse: 0.00042776382178999484
psnr: 33.84737999207592
ssim: 0.9854098558425903
