lpips: 0.0074219065718352795
mse: 0.000349278561770916
psnr: 34.81993141563159
ssim: 0.9873183965682983
