iterations_per_sec: 38.71975801130834
train/distortion_loss: 0.0010837419640573889
train/grad_norm: 0.032018949324735486
train/interlevel_loss: 7.293246582978302e-05
train/iterations_per_sec: 38.71975801130834
train/l12_reg: 0.2586658232741886
train/loss: 0.0007949420862426662
train/mse: 0.0003807225433352281
train/psnr: 34.24977724479906
train/tv_reg_l1: 0.02336552654477683
train/tv_reg_l2: 0.008153749244155907
