lpips: 0.014578670263290405
mse: 0.0006596387829631567
psnr: 31.875931369364707
ssim: 0.9735519289970398
