lpips: 0.012230616994202137
mse: 0.000445970450527966
psnr: 33.58737726733237
ssim: 0.9811139106750488
