iterations_per_sec: 37.254467338090116
train/distortion_loss: 0.004281879727248893
train/grad_norm: 0.013048080318240505
train/interlevel_loss: 0.0003171401204790619
train/iterations_per_sec: 37.254467338090116
train/l12_reg: 0.36325772031389103
train/loss: 0.0013398232321828753
train/mse: 0.00047264322215183216
train/psnr: 33.28473254887744
train/tv_reg_l1: 0.05454981488862423
train/tv_reg_l2: 0.01825002846166943
