lpips: 0.010769873857498169
mse: 0.00048082813736982644
psnr: 33.30222265891112
ssim: 0.9825886487960815
