lpips: 0.009432810358703136
mse: 0.0004128637083340436
psnr: 34.05744804195478
ssim: 0.9844558238983154
