iterations_per_sec: 40.388195725726966
train/distortion_loss: 0.0010578903431928896
train/grad_norm: 0.0360072577993075
train/interlevel_loss: 6.953655500899802e-05
train/iterations_per_sec: 40.388195725726966
train/l12_reg: 0.2616224767583789
train/loss: 0.0008633334972811016
train/mse: 0.00044206179816021836
train/psnr: 33.59784201419715
train/tv_reg_l1: 0.02491876622191583
train/tv_reg_l2: 0.008905474914971626
