iterations_per_sec: 42.26723114760011
train/distortion_loss: 0.5498484535650774
train/grad_norm: 0.05909256945655803
train/interlevel_loss: 0.0018013494660739195
train/iterations_per_sec: 42.26723114760011
train/l12_reg: 0.9650164800460892
train/loss: 0.02109100737354972
train/mse: 0.018461396842442378
train/psnr: 17.339046131480824
train/tv_reg_l1: 0.143145223458608
train/tv_reg_l2: 0.02784126415622957
