iterations_per_sec: 40.15978459089117
train/distortion_loss: 0.03081595122513145
train/grad_norm: 0.12854345699753425
train/interlevel_loss: 0.0006432722997616487
train/iterations_per_sec: 40.15978459089117
train/l12_reg: 0.5513312642020408
train/loss: 0.015701562288508872
train/mse: 0.014438965113250294
train/psnr: 18.4080560279615
train/tv_reg_l1: 0.13263818952772352
train/tv_reg_l2: 0.058850903929484014
