lpips: 0.1320592761039734
mse: 0.002802824368700385
psnr: 25.54481402857263
ssim: 0.9180828928947449
