iterations_per_sec: 48.51984857918506
train/distortion_loss: 0.004079669316515627
train/grad_norm: 0.06800031957376484
train/interlevel_loss: 0.0005358055315093335
train/iterations_per_sec: 48.51984857918506
train/l12_reg: 0.8300706798380072
train/loss: 0.0033756187232681597
train/mse: 0.0026675189370195373
train/psnr: 25.764529199311227
train/tv_reg_l1: 0.09242041499325723
train/tv_reg_l2: 0.01682145910506899
