lpips: 0.23048584163188934
mse: 0.010031578131020069
psnr: 20.053179841564027
ssim: 0.8021281957626343
