iterations_per_sec: 50.601123777014685
train/distortion_loss: 0.010159247799428424
train/grad_norm: 0.07595088904855227
train/interlevel_loss: 0.0008220038102760986
train/iterations_per_sec: 50.601123777014685
train/l12_reg: 1.0752472142980556
train/loss: 0.009636350041913867
train/mse: 0.0085941781430985
train/psnr: 20.66781365751016
train/tv_reg_l1: 0.10727155148380935
train/tv_reg_l2: 0.02100088151943202
