lpips: 0.015192380174994469
mse: 0.00046736450167372823
psnr: 33.659527487298526
ssim: 0.9696038961410522
