lpips: 0.010662036016583443
mse: 0.0002553466474637389
psnr: 36.03901092339816
ssim: 0.9762235283851624
