iterations_per_sec: 17.16196189651894
train/distortion_loss: 0.0033919543940385787
train/grad_norm: 0.014745118421022638
train/interlevel_loss: 0.0007896802071811199
train/iterations_per_sec: 17.16196189651894
train/l12_reg: 2.310225664967238
train/loss: 0.0010717714980310487
train/mse: 0.00027869933054340307
train/psnr: 35.611001371133206
train/tv_reg_l1: 1.3932562211547235
train/tv_reg_l2: 1.9606858202905366
