lpips: 0.1214551329612732
mse: 0.0015130728716030717
psnr: 28.273342370491036
ssim: 0.9059661626815796
