iterations_per_sec: 50.367556475595116
train/distortion_loss: 0.00934462383803394
train/grad_norm: 0.029800226554425074
train/interlevel_loss: 0.0008319018901363391
train/iterations_per_sec: 50.367556475595116
train/l12_reg: 1.1008259094122685
train/loss: 0.0023498654699498655
train/mse: 0.001425790620469159
train/psnr: 28.47667719137789
train/tv_reg_l1: 0.06068960042914959
train/tv_reg_l2: 0.008282833422223726
