iterations_per_sec: 39.83814969904099
train/distortion_loss: 0.5267250471644931
train/grad_norm: 0.0520367104597766
train/interlevel_loss: 0.0016159327569031955
train/iterations_per_sec: 39.83814969904099
train/l12_reg: 1.0851373251038368
train/loss: 0.006748708886931641
train/mse: 0.004406975768036162
train/psnr: 23.56465370486481
train/tv_reg_l1: 0.11988369827017639
train/tv_reg_l2: 0.019907532692557635
