lpips: 0.008834739215672016
mse: 0.00028585977270267904
psnr: 35.77599792975286
ssim: 0.9842951893806458
