lpips: 0.011270038783550262
mse: 0.00035860546631738544
psnr: 34.66685297136066
ssim: 0.9810388684272766
