iterations_per_sec: 35.18690629178215
train/distortion_loss: 0.0009946742734749509
train/grad_norm: 0.014918946120135411
train/interlevel_loss: 0.00012950978697232922
train/iterations_per_sec: 35.18690629178215
train/l12_reg: 0.3435382168702405
train/loss: 0.0008965826374619747
train/mse: 0.0003020611201822193
train/psnr: 35.23718203920306
train/tv_reg_l1: 0.03487069562378556
train/tv_reg_l2: 0.012047883047901019
