lpips: 0.010525316931307316
mse: 0.0003262797836214304
psnr: 35.212541225735734
ssim: 0.9819843173027039
