lpips: 0.013410179875791073
mse: 0.00040317908860743046
psnr: 34.16466181038833
ssim: 0.9784364104270935
