iterations_per_sec: 49.91117958289084
train/distortion_loss: 0.0009692010600260938
train/grad_norm: 0.017315647640086786
train/interlevel_loss: 0.00011688047534059451
train/iterations_per_sec: 49.91117958289084
train/l12_reg: 0.34991966865279456
train/loss: 0.0009296529360745817
train/mse: 0.000341113136712029
train/psnr: 34.70457196476484
train/tv_reg_l1: 0.03538489924988361
train/tv_reg_l2: 0.012077044639171976
