lpips: 0.01509946957230568
mse: 0.0002807428827509284
psnr: 36.440937901143506
ssim: 0.9780096411705017
