lpips: 0.0121578024700284
mse: 0.00015551401884295046
psnr: 38.155109291298224
ssim: 0.9807749390602112
