iterations_per_sec: 17.801611995119536
train/distortion_loss: 0.002889361876919113
train/grad_norm: 0.00832940277413023
train/interlevel_loss: 0.00011285458047018208
train/iterations_per_sec: 17.801611995119536
train/l12_reg: 2.1788099943989456
train/loss: 0.00027585070729584934
train/mse: 0.00016010676240466178
train/psnr: 37.9934275078051
train/tv_reg_l1: 1.3435777028401692
train/tv_reg_l2: 1.618834603916515
