lpips: 0.015469503588974476
mse: 0.00048683321801945567
psnr: 33.18314248303043
ssim: 0.9782457947731018
