lpips: 0.022091185674071312
mse: 0.0011916130315512419
psnr: 29.44571439670921
ssim: 0.9637498259544373
