iterations_per_sec: 15.093148774745423
train/distortion_loss: 0.019803876979182466
train/grad_norm: 0.013666368249540378
train/interlevel_loss: 0.000718867126381909
train/iterations_per_sec: 15.093148774745423
train/l12_reg: 2.4944671476730194
train/loss: 0.0012447960825279505
train/mse: 0.000506125078912862
train/psnr: 32.98545132261334
train/tv_reg_l1: 1.986050824926357
train/tv_reg_l2: 2.6787423340961185
