lpips: 0.024342946708202362
mse: 0.0012770837638527155
psnr: 29.19847999832108
ssim: 0.9441094994544983
