lpips: 0.01784755103290081
mse: 0.0006394681404344738
psnr: 32.1798731748885
ssim: 0.9643060564994812
