iterations_per_sec: 38.748192767625255
train/distortion_loss: 0.006618803103614335
train/grad_norm: 0.030745000832460144
train/interlevel_loss: 0.00016488963203043725
train/iterations_per_sec: 38.748192767625255
train/l12_reg: 0.3716042035757893
train/loss: 0.0013755304830600367
train/mse: 0.000677084920085929
train/psnr: 31.722812151668048
train/tv_reg_l1: 0.04441588819779531
train/tv_reg_l2: 0.015533290069663164
