lpips: 0.15694347023963928
mse: 0.0049248081631958485
psnr: 23.169122327695224
ssim: 0.8147386312484741
