iterations_per_sec: 47.63646988813805
train/distortion_loss: 0.012562192872994475
train/grad_norm: 0.06311581667625543
train/interlevel_loss: 0.0007236337670209733
train/iterations_per_sec: 47.63646988813805
train/l12_reg: 0.9733447787737606
train/loss: 0.00532748234561748
train/mse: 0.004409901628440077
train/psnr: 23.56567286481761
train/tv_reg_l1: 0.09714172757936246
train/tv_reg_l2: 0.0181384737970251
