lpips: 0.008942807093262672
mse: 0.0002855465863831341
psnr: 35.776770222086164
ssim: 0.9841305017471313
