lpips: 0.011514275334775448
mse: 0.0003585240337997675
psnr: 34.65762318439411
ssim: 0.9806883335113525
