iterations_per_sec: 38.13958680178627
train/distortion_loss: 0.0010393850894579006
train/grad_norm: 0.015173655116196835
train/interlevel_loss: 0.00014503125133371507
train/iterations_per_sec: 38.13958680178627
train/l12_reg: 0.41428778358180113
train/loss: 0.0010051993327450496
train/mse: 0.0003013728695658195
train/psnr: 35.24915729869496
train/tv_reg_l1: 0.047949373797334806
train/tv_reg_l2: 0.014346803237467703
