lpips: 0.044494472444057465
mse: 0.001547822612337768
psnr: 28.16821488685158
ssim: 0.9438359141349792
