lpips: 0.06184547021985054
mse: 0.004270991310477257
psnr: 24.01278936841221
ssim: 0.9184634685516357
