iterations_per_sec: 16.5821557104383
train/distortion_loss: 0.022489994068187896
train/grad_norm: 0.04004483622959768
train/interlevel_loss: 0.0007819673516834625
train/iterations_per_sec: 16.5821557104383
train/l12_reg: 2.454777717590332
train/loss: 0.0024248851801861415
train/mse: 0.001620427832346071
train/psnr: 27.926260110103723
train/tv_reg_l1: 1.8350427018271551
train/tv_reg_l2: 2.494633775768858
