lpips: 0.011148813180625439
mse: 0.00014922133414074779
psnr: 38.34161384122439
ssim: 0.9818761944770813
