lpips: 0.013730492442846298
mse: 0.0002610630472190678
psnr: 36.651123742532626
ssim: 0.979280412197113
