iterations_per_sec: 16.449054143589766
train/distortion_loss: 0.0027449498907898113
train/grad_norm: 0.007561150331501708
train/interlevel_loss: 0.00011556302012071352
train/iterations_per_sec: 16.449054143589766
train/l12_reg: 2.159857261060464
train/loss: 0.00027106619675789555
train/mse: 0.00015275822674580425
train/psnr: 38.19753045746774
train/tv_reg_l1: 1.1998078943503023
train/tv_reg_l2: 1.3366779522462324
