iterations_per_sec: 41.29274544387157
train/distortion_loss: 0.3194734508341009
train/grad_norm: 0.0681561648920931
train/interlevel_loss: 0.0022658392589426403
train/iterations_per_sec: 41.29274544387157
train/l12_reg: 0.9926797573012535
train/loss: 0.040938435178814514
train/mse: 0.03804598613218828
train/psnr: 14.198128025941175
train/tv_reg_l1: 0.12679765380994237
train/tv_reg_l2: 0.030713631047142878
