lpips: 0.15756049752235413
mse: 0.004750702064484358
psnr: 23.349834032795243
ssim: 0.851951539516449
