iterations_per_sec: 48.86126504120824
train/distortion_loss: 0.008761760214287224
train/grad_norm: 0.09145895538456512
train/interlevel_loss: 0.0012885031708977138
train/iterations_per_sec: 48.86126504120824
train/l12_reg: 0.7648583710795701
train/loss: 0.005460896646848532
train/mse: 0.004036203548876625
train/psnr: 23.955947336524424
train/tv_reg_l1: 0.07412777999133775
train/tv_reg_l2: 0.012742820318148594
