lpips: 0.1792517453432083
mse: 0.0053819529712200165
psnr: 22.78318206839235
ssim: 0.8002646565437317
