iterations_per_sec: 30.797774296111626
train/distortion_loss: 0.015662074437120345
train/grad_norm: 0.055864684848171295
train/interlevel_loss: 0.001112319804220037
train/iterations_per_sec: 30.797774296111626
train/l12_reg: 0.95667323921666
train/loss: 0.006042936868551705
train/mse: 0.004755724216764322
train/psnr: 23.23645011824791
train/tv_reg_l1: 0.097384815490005
train/tv_reg_l2: 0.01592307582949147
