iterations_per_sec: 19.690381902033536
train/distortion_loss: 0.1508116585136664
train/grad_norm: 0.22221382729934924
train/interlevel_loss: 0.0013503930084595476
train/iterations_per_sec: 19.690381902033536
train/l12_reg: 0.7357525765293776
train/loss: 0.0057985882622876555
train/mse: 0.002938229630635393
train/psnr: 25.325239431978478
train/tv_reg_l1: 0.19500031886678754
train/tv_reg_l2: 0.062340129543133456
