lpips: 0.014518733136355877
mse: 0.0002625675988383591
psnr: 36.58753328748335
ssim: 0.9786805510520935
