lpips: 0.011893969029188156
mse: 0.00015383303980343044
psnr: 38.204266372383294
ssim: 0.9812125563621521
