iterations_per_sec: 16.900079969859046
train/distortion_loss: 0.0027914842016844438
train/grad_norm: 0.008707406321502846
train/interlevel_loss: 0.00011073072447389778
train/iterations_per_sec: 16.900079969859046
train/l12_reg: 2.004096062496455
train/loss: 0.0002697819802437373
train/mse: 0.00015625977135237513
train/psnr: 38.0961185031467
train/tv_reg_l1: 1.1234034444346572
train/tv_reg_l2: 1.132297826535774
