iterations_per_sec: 15.224503416544275
train/distortion_loss: 0.1279320680733883
train/grad_norm: 0.3652379411940623
train/interlevel_loss: 0.004129367090310111
train/iterations_per_sec: 15.224503416544275
train/l12_reg: 2.285569602792913
train/loss: 0.00957869684718775
train/mse: 0.005321397657760165
train/psnr: 22.743478697959823
train/tv_reg_l1: 1.6560609087799534
train/tv_reg_l2: 2.2092917447138314
