lpips: 0.1392897218465805
mse: 0.0030515503603965044
psnr: 25.316377595849882
ssim: 0.8678156137466431
