iterations_per_sec: 52.157721339385894
train/distortion_loss: 0.0070139529804388685
train/grad_norm: 0.030267071232876995
train/interlevel_loss: 0.0007680090211303623
train/iterations_per_sec: 52.157721339385894
train/l12_reg: 0.8786603459204086
train/loss: 0.0036753244143017012
train/mse: 0.002780448090322692
train/psnr: 25.569810732446534
train/tv_reg_l1: 0.07349006267208041
train/tv_reg_l2: 0.0119853350004614
