lpips: 0.013660168275237083
mse: 0.00016881922783795744
psnr: 37.79421026869005
ssim: 0.9793551564216614
