lpips: 0.017372431233525276
mse: 0.0002925492881331593
psnr: 36.16114918474129
ssim: 0.9764775037765503
