iterations_per_sec: 22.02053447573435
train/distortion_loss: 0.0024771512758852256
train/grad_norm: 0.0005072120284882722
train/interlevel_loss: 0.00014565731948500292
train/iterations_per_sec: 22.02053447573435
train/l12_reg: 2.003233158227169
train/loss: 0.00032042905763544216
train/mse: 0.00017229458752248173
train/psnr: 37.668785210811734
train/tv_reg_l1: 1.1825943836058028
train/tv_reg_l2: 1.395531177520752
