lpips: 0.08685161918401718
mse: 0.0011149377096444368
psnr: 29.658093359460867
ssim: 0.8790481686592102
