lpips: 0.09481998533010483
mse: 0.0008693654672242701
psnr: 30.642284636468943
ssim: 0.8745043277740479
