iterations_per_sec: 44.2923941607476
train/distortion_loss: 0.011009976794623365
train/grad_norm: 0.024580545422404704
train/interlevel_loss: 0.0003439634015332117
train/iterations_per_sec: 44.2923941607476
train/l12_reg: 0.6020404208790172
train/loss: 0.0020994412750382015
train/mse: 0.0008889440578794238
train/psnr: 30.532706617104886
train/tv_reg_l1: 0.09722266143018549
train/tv_reg_l2: 0.025348338270277687
