iterations_per_sec: 35.27097048334867
train/distortion_loss: 0.029384030706503174
train/grad_norm: 0.09913330728357489
train/interlevel_loss: 0.0002825208833779801
train/iterations_per_sec: 35.27097048334867
train/l12_reg: 0.556912180751261
train/loss: 0.0014491123794060615
train/mse: 0.0003801384547400768
train/psnr: 34.223596245351466
train/tv_reg_l1: 0.09519344350003232
train/tv_reg_l2: 0.020015680616853212
