iterations_per_sec: 41.31113074406941
train/distortion_loss: 0.1370001296804409
train/grad_norm: 0.01534626234059382
train/interlevel_loss: 0.0013701440166738448
train/iterations_per_sec: 41.31113074406941
train/l12_reg: 0.5868819115137813
train/loss: 0.007993613449724936
train/mse: 0.006393156809299582
train/psnr: 21.944915675153634
train/tv_reg_l1: 0.04926574813446613
train/tv_reg_l2: 0.009331245520951771
