lpips: 0.009367266669869423
mse: 0.00040576717583462596
psnr: 34.137528935681296
ssim: 0.9846010804176331
