lpips: 0.010627759620547295
mse: 0.0004774683329742402
psnr: 33.32925376034511
ssim: 0.9826745390892029
