iterations_per_sec: 50.94473236100818
train/distortion_loss: 0.001382580151630923
train/grad_norm: 0.03655109684349912
train/interlevel_loss: 9.784765536849848e-05
train/iterations_per_sec: 50.94473236100818
train/l12_reg: 0.27876489963194334
train/loss: 0.0009073012901206661
train/mse: 0.0004329443788696833
train/psnr: 33.68342596111876
train/tv_reg_l1: 0.027966253214863814
train/tv_reg_l2: 0.009636176307920855
