lpips: 0.012008747085928917
mse: 0.0005452039767988026
psnr: 32.81146894382769
ssim: 0.9811872839927673
