lpips: 0.009893234819173813
mse: 0.00039118409040383995
psnr: 34.290560174300396
ssim: 0.9841837882995605
