iterations_per_sec: 17.816124210680943
train/distortion_loss: 0.0038614107103021158
train/grad_norm: 0.033398530634138925
train/interlevel_loss: 0.0001346048697031978
train/iterations_per_sec: 17.816124210680943
train/l12_reg: 2.0965019043045814
train/loss: 0.0005631676723362144
train/mse: 0.000424701391808651
train/psnr: 33.771890582460344
train/tv_reg_l1: 1.4778578859387022
train/tv_reg_l2: 1.762377866590866
