lpips: 0.02161644957959652
mse: 0.0006618047482334077
psnr: 32.009928686539986
ssim: 0.9603335857391357
