lpips: 0.03628834709525108
mse: 0.002001748885959387
psnr: 27.450709387509388
ssim: 0.9300636053085327
