iterations_per_sec: 16.926035667296578
train/distortion_loss: 0.013939983550120483
train/grad_norm: 0.03624599585968136
train/interlevel_loss: 0.00034785254492725464
train/iterations_per_sec: 16.926035667296578
train/l12_reg: 2.4998973860885156
train/loss: 0.0010574954659489896
train/mse: 0.0006957029391108363
train/psnr: 31.605957262443773
train/tv_reg_l1: 1.9437595437271427
train/tv_reg_l2: 3.0531840830138237
