lpips: 0.008634801022708416
mse: 0.00027892430080100894
psnr: 35.88043368854683
ssim: 0.9847908616065979
