lpips: 0.011191359721124172
mse: 0.00035379923065193
psnr: 34.72052161432065
ssim: 0.9814816117286682
