iterations_per_sec: 33.67617486079208
train/distortion_loss: 0.000900343400332136
train/grad_norm: 0.01443995191066554
train/interlevel_loss: 0.00013556737615021342
train/iterations_per_sec: 33.67617486079208
train/l12_reg: 0.3654089259980905
train/loss: 0.0009204343048328853
train/mse: 0.00029330149265311924
train/psnr: 35.36325574162031
train/tv_reg_l1: 0.03821275654164227
train/tv_reg_l2: 0.012525614351034164
