iterations_per_sec: 30.901020949693486
train/distortion_loss: 0.070954927516104
train/grad_norm: 0.16655359469880962
train/interlevel_loss: 0.002944651393765452
train/iterations_per_sec: 30.901020949693486
train/l12_reg: 0.7877352809665179
train/loss: 0.006677592667101911
train/mse: 0.002463509850768429
train/psnr: 26.095507939656574
train/tv_reg_l1: 0.11971231738124231
train/tv_reg_l2: 0.041074117024739586
