lpips: 0.08102235198020935
mse: 0.000773967185523361
psnr: 31.150577327262457
ssim: 0.881355345249176
