lpips: 0.0745370090007782
mse: 0.0010060478234663606
psnr: 30.108935291297993
ssim: 0.8836462497711182
