iterations_per_sec: 16.089456596057012
train/distortion_loss: 0.012533106248487125
train/grad_norm: 0.017806596931709787
train/interlevel_loss: 0.0005601307011510462
train/iterations_per_sec: 16.089456596057012
train/l12_reg: 2.117897553877397
train/loss: 0.00136124245549618
train/mse: 0.0007885786501286232
train/psnr: 31.056250947894473
train/tv_reg_l1: 1.3696265593923704
train/tv_reg_l2: 1.6979681999996454
