lpips: 0.01766275428235531
mse: 0.0006218098569661379
psnr: 32.302846973162744
ssim: 0.9653657674789429
