lpips: 0.023512667044997215
mse: 0.001246731379069388
psnr: 29.305183585382164
ssim: 0.9460930824279785
