iterations_per_sec: 41.33554242327198
train/distortion_loss: 0.006589498987063916
train/grad_norm: 0.03228151513207139
train/interlevel_loss: 0.0001450223968607712
train/iterations_per_sec: 41.33554242327198
train/l12_reg: 0.388880109847194
train/loss: 0.0013642175678126138
train/mse: 0.0006561846633422932
train/psnr: 31.863855554599954
train/tv_reg_l1: 0.04889468698188512
train/tv_reg_l2: 0.016754089017408064
