lpips: 0.1275302618741989
mse: 0.0053015281446278095
psnr: 22.81791548792854
ssim: 0.8749316334724426
