iterations_per_sec: 48.43474958531603
train/distortion_loss: 0.009814837547677636
train/grad_norm: 0.03345146208926283
train/interlevel_loss: 0.0003249212947199027
train/iterations_per_sec: 48.43474958531603
train/l12_reg: 0.7568013084055197
train/loss: 0.005015917630358176
train/mse: 0.004521850548270676
train/psnr: 23.45440340523768
train/tv_reg_l1: 0.09389240535521748
train/tv_reg_l2: 0.015933094094648506
