iterations_per_sec: 13.201632781691792
train/distortion_loss: 0.2646740051833066
train/grad_norm: 0.15945617049330413
train/interlevel_loss: 0.001970825266478715
train/iterations_per_sec: 13.201632781691792
train/l12_reg: 2.39059637050436
train/loss: 0.006651286680176101
train/mse: 0.004415787380151075
train/psnr: 23.554434188688646
train/tv_reg_l1: 1.6226040209182586
train/tv_reg_l2: 2.0449571368670223
