lpips: 0.04747195169329643
mse: 0.0016407986404374242
psnr: 27.91486870779881
ssim: 0.9416353106498718
