lpips: 0.06047559157013893
mse: 0.003757979953661561
psnr: 24.57516118114259
ssim: 0.920566737651825
