iterations_per_sec: 21.814312998594744
train/distortion_loss: 0.012998232458050202
train/grad_norm: 0.0019191712284498293
train/interlevel_loss: 0.0004000665662302212
train/iterations_per_sec: 21.814312998594744
train/l12_reg: 2.386741260085443
train/loss: 0.0021356374867298085
train/mse: 0.001722572685332235
train/psnr: 27.655755418719668
train/tv_reg_l1: 1.9510065594104806
train/tv_reg_l2: 2.797173206252281
