iterations_per_sec: 19.846219385012212
train/distortion_loss: 0.051960124624798994
train/grad_norm: 0.07783115143426741
train/interlevel_loss: 0.0009894278388461004
train/iterations_per_sec: 19.846219385012212
train/l12_reg: 0.4050867726104428
train/loss: 0.004804073663597757
train/mse: 0.0031372612069426762
train/psnr: 25.038392538976186
train/tv_reg_l1: 0.06484582380513952
train/tv_reg_l2: 0.022033769731419257
