lpips: 0.10247169435024261
mse: 0.001328781247138977
psnr: 28.845884583441673
ssim: 0.9138743877410889
