iterations_per_sec: 49.11473043387431
train/distortion_loss: 0.008727628083880803
train/grad_norm: 0.024313539925097216
train/interlevel_loss: 0.0004699015222616832
train/iterations_per_sec: 49.11473043387431
train/l12_reg: 1.210713150525334
train/loss: 0.001812999977523254
train/mse: 0.001233229794624177
train/psnr: 29.105709172258475
train/tv_reg_l1: 0.07464731183618006
train/tv_reg_l2: 0.0101141037156034
