lpips: 0.08016153424978256
mse: 0.0007487208931706846
psnr: 31.29059423999198
ssim: 0.8848975896835327
