lpips: 0.07425548136234283
mse: 0.00101816700771451
psnr: 30.15490475353515
ssim: 0.8871966600418091
