iterations_per_sec: 14.767831650822572
train/distortion_loss: 0.010036947948839327
train/grad_norm: 0.01958656418278362
train/interlevel_loss: 0.0005009294930854906
train/iterations_per_sec: 14.767831650822572
train/l12_reg: 2.057417057981395
train/loss: 0.0012758354282458172
train/mse: 0.0007648689824043576
train/psnr: 31.190912227437952
train/tv_reg_l1: 1.3918199117737586
train/tv_reg_l2: 1.7559902993115513
