lpips: 0.02301061898469925
mse: 0.001264900085516274
psnr: 29.156773302740117
ssim: 0.9626257419586182
