lpips: 0.01589363068342209
mse: 0.000508081866428256
psnr: 32.98766370277138
ssim: 0.9776279330253601
