iterations_per_sec: 16.68534206760809
train/distortion_loss: 0.020660953727936505
train/grad_norm: 0.014199757322932433
train/interlevel_loss: 0.0007399255198172548
train/iterations_per_sec: 16.68534206760809
train/l12_reg: 2.509373163936114
train/loss: 0.0012890010933401157
train/mse: 0.0005284146199383857
train/psnr: 32.79883856725211
train/tv_reg_l1: 1.9727768741472802
train/tv_reg_l2: 2.6223364646988685
