lpips: 0.011694460175931454
mse: 0.00015529013762716204
psnr: 38.16946747170164
ssim: 0.9813928008079529
