lpips: 0.014628478325903416
mse: 0.0002636309072840959
psnr: 36.541182307490686
ssim: 0.9786344766616821
