iterations_per_sec: 17.148645742658633
train/distortion_loss: 0.0027620135312617726
train/grad_norm: 0.00790272514110036
train/interlevel_loss: 0.00010766760018981072
train/iterations_per_sec: 17.148645742658633
train/l12_reg: 2.0171824175902087
train/loss: 0.00026831752003283435
train/mse: 0.00015788790577319403
train/psnr: 38.05268162428731
train/tv_reg_l1: 1.129359291057394
train/tv_reg_l2: 1.1442932372141366
