iterations_per_sec: 18.042599551496448
train/distortion_loss: 0.22959850126444692
train/grad_norm: 0.14917272404588836
train/interlevel_loss: 0.0025679798834402153
train/iterations_per_sec: 18.042599551496448
train/l12_reg: 2.2694118095166758
train/loss: 0.004841350893856901
train/mse: 0.0020437724700178763
train/psnr: 26.90247107997085
train/tv_reg_l1: 1.5523092120584816
train/tv_reg_l2: 1.9760730326777758
