iterations_per_sec: 28.432845176232178
train/distortion_loss: 0.0590155775273087
train/grad_norm: 0.11346341594301089
train/interlevel_loss: 0.0004540885383536042
train/iterations_per_sec: 28.432845176232178
train/l12_reg: 0.45990897188282975
train/loss: 0.002108772431095742
train/mse: 0.0009210243917568916
train/psnr: 30.362845372672034
train/tv_reg_l1: 0.07504773132427774
train/tv_reg_l2: 0.02147349284378567
