iterations_per_sec: 16.247360700894866
train/distortion_loss: 0.315387092455469
train/grad_norm: 0.16622540490193802
train/interlevel_loss: 0.001034651888826053
train/iterations_per_sec: 16.247360700894866
train/l12_reg: 0.8005962118957982
train/loss: 0.006138141765588462
train/mse: 0.003295007041853034
train/psnr: 24.82516889861136
train/tv_reg_l1: 0.21856975690885025
train/tv_reg_l2: 0.06924995576793497
