lpips: 0.16168932616710663
mse: 0.0051476191729307175
psnr: 22.976675104958275
ssim: 0.8110451698303223
