iterations_per_sec: 52.31507456707211
train/distortion_loss: 0.012792172484250382
train/grad_norm: 0.0621754593695655
train/interlevel_loss: 0.0005783273731452423
train/iterations_per_sec: 52.31507456707211
train/l12_reg: 0.9953671049590063
train/loss: 0.005321671339598569
train/mse: 0.004557712198790125
train/psnr: 23.422857958861073
train/tv_reg_l1: 0.09886635629215626
train/tv_reg_l2: 0.017283959220154115
