lpips: 0.05872805416584015
mse: 0.0037895410787314177
psnr: 24.49770923529568
ssim: 0.9229636192321777
