lpips: 0.045819953083992004
mse: 0.0016068905824795365
psnr: 27.998743966761918
ssim: 0.9434722661972046
