iterations_per_sec: 22.638245433743517
train/distortion_loss: 0.011453285672222122
train/grad_norm: 0.0019323897978403802
train/interlevel_loss: 0.00036323116474897796
train/iterations_per_sec: 22.638245433743517
train/l12_reg: 2.333903271742541
train/loss: 0.0020467365334619477
train/mse: 0.0016720520915708156
train/psnr: 27.791261210586086
train/tv_reg_l1: 1.824471278624101
train/tv_reg_l2: 2.6644632214247577
