iterations_per_sec: 38.28339995126728
train/distortion_loss: 0.05300783937928653
train/grad_norm: 0.01602055456000145
train/interlevel_loss: 0.00014585421806920996
train/iterations_per_sec: 38.28339995126728
train/l12_reg: 0.5649057735096324
train/loss: 0.028194292551941343
train/mse: 0.027940914053658044
train/psnr: 15.538725621772535
train/tv_reg_l1: 0.03514328651657008
train/tv_reg_l2: 0.005451637771770809
