lpips: 0.041227612644433975
mse: 0.002333453157916665
psnr: 26.850719257262845
ssim: 0.9250449538230896
