lpips: 0.02350788749754429
mse: 0.0006910325610078871
psnr: 31.822764872772606
ssim: 0.958564043045044
