iterations_per_sec: 16.99251448505602
train/distortion_loss: 0.014753769753933554
train/grad_norm: 0.03621829667062772
train/interlevel_loss: 0.0004714897218174442
train/iterations_per_sec: 16.99251448505602
train/l12_reg: 2.402818198155875
train/loss: 0.0012081363261912507
train/mse: 0.0007218928423220988
train/psnr: 31.44978203436341
train/tv_reg_l1: 1.8767386831418433
train/tv_reg_l2: 2.5178858005639277
