iterations_per_sec: 16.39341964668667
train/distortion_loss: 0.07224490847250428
train/grad_norm: 0.16231493983003828
train/interlevel_loss: 0.0024991179675315366
train/iterations_per_sec: 16.39341964668667
train/l12_reg: 2.288352034308694
train/loss: 0.005186168293496876
train/mse: 0.0026148053784525453
train/psnr: 25.836449440079505
train/tv_reg_l1: 1.6460308811881326
train/tv_reg_l2: 2.2227250638634266
