lpips: 0.11670152842998505
mse: 0.0015060623409226537
psnr: 28.34094882643768
ssim: 0.9064782857894897
