iterations_per_sec: 47.728976567076174
train/distortion_loss: 0.00963062806186652
train/grad_norm: 0.030793873583803876
train/interlevel_loss: 0.0003385877270825358
train/iterations_per_sec: 47.728976567076174
train/l12_reg: 0.9417718961985424
train/loss: 0.001790043779159661
train/mse: 0.001339240554682534
train/psnr: 28.748754655471956
train/tv_reg_l1: 0.07193610741935595
train/tv_reg_l2: 0.010258487463373728
