lpips: 0.016942370682954788
mse: 0.00029074421036057174
psnr: 36.118071816783306
ssim: 0.9759714603424072
