lpips: 0.013962366618216038
mse: 0.00016940930800046772
psnr: 37.77260364439861
ssim: 0.9788730144500732
