iterations_per_sec: 22.13131079599038
train/distortion_loss: 0.0024276733036256498
train/grad_norm: 0.0005412012802535725
train/interlevel_loss: 0.00010935717779435124
train/iterations_per_sec: 22.13131079599038
train/l12_reg: 2.0972538138880874
train/loss: 0.000284009723044518
train/mse: 0.00017222487282435965
train/psnr: 37.671928791084675
train/tv_reg_l1: 1.304811230813614
train/tv_reg_l2: 1.5712246244603938
