lpips: 0.015066695399582386
mse: 0.00047915431787259877
psnr: 33.2574891170543
ssim: 0.9785714149475098
