lpips: 0.020365823060274124
mse: 0.001015542889945209
psnr: 30.086037681994398
ssim: 0.966219961643219
