iterations_per_sec: 15.688150272482211
train/distortion_loss: 0.01600784504541544
train/grad_norm: 0.01590120704901038
train/interlevel_loss: 0.0005794847613398099
train/iterations_per_sec: 15.688150272482211
train/l12_reg: 2.4746586144572555
train/loss: 0.001106611547069718
train/mse: 0.000511118939917798
train/psnr: 32.94875865512424
train/tv_reg_l1: 2.033960551926584
train/tv_reg_l2: 2.88787370980388
