iterations_per_sec: 14.439902449000444
train/distortion_loss: 0.14564479195108318
train/grad_norm: 0.22482006281915337
train/interlevel_loss: 0.00301513077710012
train/iterations_per_sec: 14.439902449000444
train/l12_reg: 2.24272103261466
train/loss: 0.006471746257797937
train/mse: 0.003310970698643212
train/psnr: 24.80488906243835
train/tv_reg_l1: 1.6284653285537103
train/tv_reg_l2: 2.1793946786360308
