iterations_per_sec: 53.90914293722455
train/distortion_loss: 0.2567029669128283
train/grad_norm: 0.1593887306975596
train/interlevel_loss: 0.000684009513328548
train/iterations_per_sec: 53.90914293722455
train/l12_reg: 0.8630191442942379
train/loss: 0.004370258018054595
train/mse: 0.002084973496337882
train/psnr: 26.818002989797883
train/tv_reg_l1: 0.18251779419605177
train/tv_reg_l2: 0.0481552906108625
