lpips: 0.008811017498373985
mse: 0.00043866128544323146
psnr: 33.71184660154042
ssim: 0.9847185611724854
