lpips: 0.007647101301699877
mse: 0.0003650957369245589
psnr: 34.607053371410686
ssim: 0.9866340160369873
