iterations_per_sec: 38.65870541907335
train/distortion_loss: 0.0012639097674194762
train/grad_norm: 0.03161202055035216
train/interlevel_loss: 9.817643355074893e-05
train/iterations_per_sec: 38.65870541907335
train/l12_reg: 0.27857301271323004
train/loss: 0.0008673041969575364
train/mse: 0.0003970052245557496
train/psnr: 34.070057878590596
train/tv_reg_l1: 0.02694071601662371
train/tv_reg_l2: 0.00922856079132268
