lpips: 0.013106442987918854
mse: 0.0003964138450101018
psnr: 34.2302520807431
ssim: 0.9790446758270264
