lpips: 0.010382876731455326
mse: 0.00031999204657040536
psnr: 35.278165199621256
ssim: 0.9824889898300171
