iterations_per_sec: 43.98000107058999
train/distortion_loss: 0.0008579952762264645
train/grad_norm: 0.01691314038077388
train/interlevel_loss: 0.00010279631944763653
train/iterations_per_sec: 43.98000107058999
train/l12_reg: 0.35256032028583567
train/loss: 0.0009119327237707271
train/mse: 0.00033463961286046964
train/psnr: 34.78950134431473
train/tv_reg_l1: 0.03669716240932243
train/tv_reg_l2: 0.012107845282915867
