lpips: 0.07806369662284851
mse: 0.0010535350302234292
psnr: 29.932544192461783
ssim: 0.8811333179473877
