lpips: 0.08496919274330139
mse: 0.0008070205803960562
psnr: 30.971985827929405
ssim: 0.8777798414230347
