iterations_per_sec: 16.337531932524925
train/distortion_loss: 0.011606884969755857
train/grad_norm: 0.01777696797643045
train/interlevel_loss: 0.0005566442718687044
train/iterations_per_sec: 16.337531932524925
train/l12_reg: 2.1815530796243685
train/loss: 0.0013927499707223792
train/mse: 0.0008244988158100633
train/psnr: 30.868422286679046
train/tv_reg_l1: 1.517491072115272
train/tv_reg_l2: 1.8748993741141424
