lpips: 0.08233329653739929
mse: 0.0010171951726078987
psnr: 30.041186224374673
ssim: 0.8835321068763733
