lpips: 0.09011926501989365
mse: 0.0008107883622869849
psnr: 30.951416506160545
ssim: 0.8791046738624573
