iterations_per_sec: 45.513635832193444
train/distortion_loss: 0.01047143457702013
train/grad_norm: 0.02281579529546728
train/interlevel_loss: 0.0003055913222135242
train/iterations_per_sec: 45.513635832193444
train/l12_reg: 0.515613084489649
train/loss: 0.0018770031341718454
train/mse: 0.0008254342182125482
train/psnr: 30.857099687210237
train/tv_reg_l1: 0.07670589957875434
train/tv_reg_l2: 0.021989301524379036
