lpips: 0.009444832801818848
mse: 0.0003003588935825974
psnr: 35.542600264822276
ssim: 0.9828733205795288
