lpips: 0.012316585518419743
mse: 0.00038158439565449953
psnr: 34.4010671038519
ssim: 0.979233980178833
