iterations_per_sec: 17.896372910268997
train/distortion_loss: 0.0009880060220673454
train/grad_norm: 0.013088339982046322
train/interlevel_loss: 0.00015667994254423925
train/iterations_per_sec: 17.896372910268997
train/l12_reg: 2.2901200694267194
train/loss: 0.00047099323927970473
train/mse: 0.0003133252897473861
train/psnr: 35.077253784796206
train/tv_reg_l1: 1.3534094552801113
train/tv_reg_l2: 1.5932079059909088
