lpips: 0.011183738708496094
mse: 0.00035087112337350845
psnr: 34.76539263137804
ssim: 0.9813633561134338
