lpips: 0.008767993189394474
mse: 0.0002815765037667006
psnr: 35.84462772015358
ssim: 0.9845534563064575
