iterations_per_sec: 37.88057923847381
train/distortion_loss: 0.0010048362727493349
train/grad_norm: 0.01560528790860465
train/interlevel_loss: 0.00012195165559527173
train/iterations_per_sec: 37.88057923847381
train/l12_reg: 0.3444954978697228
train/loss: 0.0008802275347401096
train/mse: 0.00029541607334683035
train/psnr: 35.3275700193463
train/tv_reg_l1: 0.03433058674287314
train/tv_reg_l2: 0.011735945601354946
