iterations_per_sec: 37.93375150558123
train/distortion_loss: 0.049769635077076727
train/grad_norm: 0.015475961850071796
train/interlevel_loss: 0.00013408789351215643
train/iterations_per_sec: 37.93375150558123
train/l12_reg: 0.5669489876188413
train/loss: 0.028269939068140404
train/mse: 0.0280292731794444
train/psnr: 15.524933853534737
train/tv_reg_l1: 0.03544873187337259
train/tv_reg_l2: 0.005680828406992886
