lpips: 0.1347842961549759
mse: 0.005307150073349476
psnr: 22.803372046827036
ssim: 0.8732994198799133
