iterations_per_sec: 51.2088675270625
train/distortion_loss: 0.014025310129679815
train/grad_norm: 0.03416824423604541
train/interlevel_loss: 0.00039681327479863256
train/iterations_per_sec: 51.2088675270625
train/l12_reg: 0.7443512943055894
train/loss: 0.00512276618562714
train/mse: 0.004542334045217645
train/psnr: 23.4372246674817
train/tv_reg_l1: 0.10133468570432277
train/tv_reg_l2: 0.016959354356683866
