iterations_per_sec: 34.032881908372026
train/distortion_loss: 0.3238993181724741
train/grad_norm: 0.1815704247265151
train/interlevel_loss: 0.0009946697767861563
train/iterations_per_sec: 34.032881908372026
train/l12_reg: 0.7946424189240041
train/loss: 0.005722877898752087
train/mse: 0.003048624624639298
train/psnr: 25.169592597267844
train/tv_reg_l1: 0.17202918397055733
train/tv_reg_l2: 0.05610416551129987
