lpips: 0.014919889159500599
mse: 0.0002600809675641358
psnr: 36.60420193552091
ssim: 0.9796038866043091
