lpips: 0.01233021728694439
mse: 0.00015224542585201561
psnr: 38.240820673057556
ssim: 0.9820730090141296
