iterations_per_sec: 41.23664817527755
train/distortion_loss: 0.0026949408059619893
train/grad_norm: 0.008485854445777909
train/interlevel_loss: 0.00011120691848154453
train/iterations_per_sec: 41.23664817527755
train/l12_reg: 0.40355219082398847
train/loss: 0.0007625287128236107
train/mse: 0.00015650826580987097
train/psnr: 38.0946711915912
train/tv_reg_l1: 0.03901625435912248
train/tv_reg_l2: 0.008856636857745624
