iterations_per_sec: 18.040047049304526
train/distortion_loss: 0.25393474613777317
train/grad_norm: 0.16573774189961077
train/interlevel_loss: 0.0013113784900104458
train/iterations_per_sec: 18.040047049304526
train/l12_reg: 2.5541350022710936
train/loss: 0.0037771866920244214
train/mse: 0.002211873434869704
train/psnr: 26.561737580732867
train/tv_reg_l1: 1.7080567918642602
train/tv_reg_l2: 2.1147992297856493
