lpips: 0.1890798956155777
mse: 0.005688635166734457
psnr: 22.537016926166107
ssim: 0.7961230278015137
