iterations_per_sec: 51.339561674291375
train/distortion_loss: 0.016922952851863824
train/grad_norm: 0.06266018033328682
train/interlevel_loss: 0.001303017833223096
train/iterations_per_sec: 51.339561674291375
train/l12_reg: 0.8738300481227913
train/loss: 0.006552073986956266
train/mse: 0.005081221503628926
train/psnr: 22.94828944736057
train/tv_reg_l1: 0.08849236293874606
train/tv_reg_l2: 0.015091162071459822
