lpips: 0.008956948295235634
mse: 0.00028709479374811053
psnr: 35.73411157519735
ssim: 0.9841265082359314
