lpips: 0.011524388566613197
mse: 0.0003612884902395308
psnr: 34.61479706564466
ssim: 0.9807722568511963
