iterations_per_sec: 41.15928181917895
train/distortion_loss: 0.0010264318552799523
train/grad_norm: 0.014952844253393134
train/interlevel_loss: 0.00013480980116509447
train/iterations_per_sec: 41.15928181917895
train/l12_reg: 0.3789064757751696
train/loss: 0.0009482519882213739
train/mse: 0.0003014870094972653
train/psnr: 35.245526323414815
train/tv_reg_l1: 0.040305127286248736
train/tv_reg_l2: 0.013202225939944537
