lpips: 0.12651817500591278
mse: 0.005178508814424276
psnr: 22.904382418976855
ssim: 0.8761053681373596
