iterations_per_sec: 46.94413090356211
train/distortion_loss: 0.010400259773237537
train/grad_norm: 0.03462723708438753
train/interlevel_loss: 0.000324446620358474
train/iterations_per_sec: 46.94413090356211
train/l12_reg: 0.7360673245757517
train/loss: 0.004953185590266278
train/mse: 0.004459947636915427
train/psnr: 23.517775853474934
train/tv_reg_l1: 0.09183694407193348
train/tv_reg_l2: 0.015839106337440133
