iterations_per_sec: 36.005333732700976
train/distortion_loss: 0.5556252249563584
train/grad_norm: 0.08036888661709699
train/interlevel_loss: 0.0031839537462501817
train/iterations_per_sec: 36.005333732700976
train/l12_reg: 1.0073277492715855
train/loss: 0.018024310827104734
train/mse: 0.013954632144157935
train/psnr: 18.55526184313225
train/tv_reg_l1: 0.14806007480982578
train/tv_reg_l2: 0.03300997084288886
