lpips: 0.010184397920966148
mse: 0.00047728634672239423
psnr: 33.353199668530635
ssim: 0.9831050038337708
