lpips: 0.008915480226278305
mse: 0.00039782506064511836
psnr: 34.2148034798101
ssim: 0.9852662682533264
