iterations_per_sec: 40.50884053011837
train/distortion_loss: 0.0009956638331082884
train/grad_norm: 0.03648141116806955
train/interlevel_loss: 0.00015969200856746126
train/iterations_per_sec: 40.50884053011837
train/l12_reg: 0.27280657700817995
train/loss: 0.0009552798730161305
train/mse: 0.00043234087037618716
train/psnr: 33.68703820970323
train/tv_reg_l1: 0.02495780611655327
train/tv_reg_l2: 0.008944474424075598
