lpips: 0.013290631584823132
mse: 0.00040375220123678446
psnr: 34.31442236726437
ssim: 0.9727237224578857
