lpips: 0.009528521448373795
mse: 0.00023048069851938635
psnr: 36.4735460619717
ssim: 0.9783957004547119
