iterations_per_sec: 41.487078578591635
train/distortion_loss: 0.00325490538068492
train/grad_norm: 0.019047414804009174
train/interlevel_loss: 0.0004908326740442503
train/iterations_per_sec: 41.487078578591635
train/l12_reg: 0.4703069967452926
train/loss: 0.0014345732827981312
train/mse: 0.0002482870478721599
train/psnr: 36.10514920167249
train/tv_reg_l1: 0.06750781277213434
train/tv_reg_l2: 0.022189163348891518
