iterations_per_sec: 55.285639750143964
train/distortion_loss: 0.039348318119241735
train/grad_norm: 0.09515555741058455
train/interlevel_loss: 0.0003596716222348576
train/iterations_per_sec: 55.285639750143964
train/l12_reg: 0.5543631881174415
train/loss: 0.0016478505279548994
train/mse: 0.0004874071023412839
train/psnr: 33.14149120600537
train/tv_reg_l1: 0.0903547363299312
train/tv_reg_l2: 0.02070602501808393
