iterations_per_sec: 18.703452812841295
train/distortion_loss: 0.32836774322721696
train/grad_norm: 0.16292727369852741
train/interlevel_loss: 0.0016820125112479384
train/iterations_per_sec: 18.703452812841295
train/l12_reg: 2.4260053634643555
train/loss: 0.005968394261229821
train/mse: 0.003958014021110203
train/psnr: 24.03203012485697
train/tv_reg_l1: 1.6645304747302123
train/tv_reg_l2: 2.1871024020994554
