lpips: 0.15330113470554352
mse: 0.005629363004118204
psnr: 22.548490477803615
ssim: 0.8650656342506409
