iterations_per_sec: 50.48195879252777
train/distortion_loss: 0.014222003528942364
train/grad_norm: 0.03465269948120671
train/interlevel_loss: 0.0007822620406078946
train/iterations_per_sec: 50.48195879252777
train/l12_reg: 0.5752811823228393
train/loss: 0.005746561478861052
train/mse: 0.00479095820055315
train/psnr: 23.20426376419838
train/tv_reg_l1: 0.0901896854994273
train/tv_reg_l2: 0.015911923476842917
