lpips: 0.01890971139073372
mse: 0.0006497914437204599
psnr: 32.10381663804994
ssim: 0.9633904099464417
