lpips: 0.02478022500872612
mse: 0.0012955140555277467
psnr: 29.12630950446453
ssim: 0.9433424472808838
