iterations_per_sec: 34.755536271077204
train/distortion_loss: 0.00650030497292226
train/grad_norm: 0.028790647370947733
train/interlevel_loss: 0.0002235171468599201
train/iterations_per_sec: 34.755536271077204
train/l12_reg: 0.4927641637999602
train/loss: 0.0016253787984206068
train/mse: 0.0006852173070056421
train/psnr: 31.673695207846286
train/tv_reg_l1: 0.06890127085375064
train/tv_reg_l2: 0.021737986535887526
