lpips: 0.12989330291748047
mse: 0.005218107718974352
psnr: 22.87539211214447
ssim: 0.8744677901268005
