iterations_per_sec: 52.26498288338303
train/distortion_loss: 0.013351884595297202
train/grad_norm: 0.03457930433855514
train/interlevel_loss: 0.0003900055795898567
train/iterations_per_sec: 52.26498288338303
train/l12_reg: 0.7496562612177146
train/loss: 0.005024880053230909
train/mse: 0.004453265860752024
train/psnr: 23.524881632641108
train/tv_reg_l1: 0.0997493973735607
train/tv_reg_l2: 0.016825675155327777
