iterations_per_sec: 17.827763832685363
train/distortion_loss: 0.1549411837500755
train/grad_norm: 0.22514720471820446
train/interlevel_loss: 0.001383785932146088
train/iterations_per_sec: 17.827763832685363
train/l12_reg: 0.7231347332097063
train/loss: 0.005459241042233476
train/mse: 0.0026171499407012955
train/psnr: 25.828031019731
train/tv_reg_l1: 0.18748827745216062
train/tv_reg_l2: 0.058022929110912363
