lpips: 0.011634635739028454
mse: 0.00027252917061559856
psnr: 35.74542558643491
ssim: 0.973945677280426
