lpips: 0.01651936024427414
mse: 0.0005092754145152867
psnr: 33.280906868650966
ssim: 0.966147780418396
