iterations_per_sec: 16.71878998493205
train/distortion_loss: 0.003820358109989702
train/grad_norm: 0.018080250153111085
train/interlevel_loss: 0.0007311302199583463
train/iterations_per_sec: 16.71878998493205
train/l12_reg: 2.2628921426907933
train/loss: 0.0010288610996800767
train/mse: 0.0002939105255827966
train/psnr: 35.36809135205818
train/tv_reg_l1: 1.3803927525125368
train/tv_reg_l2: 1.8460430063382545
