lpips: 0.1497325301170349
mse: 0.00448614964261651
psnr: 23.59028965195018
ssim: 0.8518463373184204
