iterations_per_sec: 49.06255916987703
train/distortion_loss: 0.009114798083148822
train/grad_norm: 0.08383612097664313
train/interlevel_loss: 0.0013230936566480632
train/iterations_per_sec: 49.06255916987703
train/l12_reg: 0.7388534871014681
train/loss: 0.005333676162843752
train/mse: 0.0038841620576803132
train/psnr: 24.12493906117449
train/tv_reg_l1: 0.07217925696661978
train/tv_reg_l2: 0.01173056707237706
