iterations_per_sec: 39.628101811310344
train/distortion_loss: 0.555514577663306
train/grad_norm: 0.06103744903447652
train/interlevel_loss: 0.001630956341155024
train/iterations_per_sec: 39.628101811310344
train/l12_reg: 0.9261179566383362
train/loss: 0.020699766003573785
train/mse: 0.018229210410605778
train/psnr: 17.39414030132872
train/tv_reg_l1: 0.14828604655434388
train/tv_reg_l2: 0.028408465154393756
