lpips: 0.032089266926050186
mse: 0.0013365843333303928
psnr: 28.798520882241938
ssim: 0.9542596936225891
