lpips: 0.028058404102921486
mse: 0.0008684452623128891
psnr: 30.672955035834892
ssim: 0.9659541845321655
