iterations_per_sec: 40.13032017278113
train/distortion_loss: 0.014040311337495693
train/grad_norm: 0.01788946105675264
train/interlevel_loss: 0.0028528348763821403
train/iterations_per_sec: 40.13032017278113
train/l12_reg: 0.32970400621192625
train/loss: 0.0042758857351586676
train/mse: 0.0009056554961422778
train/psnr: 30.456420320453066
train/tv_reg_l1: 0.06920700000994133
train/tv_reg_l2: 0.01736510257151994
