lpips: 0.2940945029258728
mse: 0.006543746683746576
psnr: 22.037100437710922
ssim: 0.7327638864517212
