iterations_per_sec: 52.01826357551578
train/distortion_loss: 0.032547950744628906
train/grad_norm: 0.09940048160426544
train/interlevel_loss: 0.0010613366723944894
train/iterations_per_sec: 52.01826357551578
train/l12_reg: 1.2148152457343206
train/loss: 0.006723143103899378
train/mse: 0.005406858074958577
train/psnr: 22.685502312400125
train/tv_reg_l1: 0.12266765768178786
train/tv_reg_l2: 0.02224004076737346
