iterations_per_sec: 37.236406453661345
train/distortion_loss: 0.15481242913790424
train/grad_norm: 0.22210081764543899
train/interlevel_loss: 0.0013463784284381704
train/iterations_per_sec: 37.236406453661345
train/l12_reg: 0.7402700131589716
train/loss: 0.005991433140341983
train/mse: 0.0031230542338406197
train/psnr: 25.060017190798366
train/tv_reg_l1: 0.19456373952855968
train/tv_reg_l2: 0.06269179261995084
