iterations_per_sec: 35.29778427301406
train/distortion_loss: 0.3066401005995394
train/grad_norm: 0.20006231030430457
train/interlevel_loss: 0.000993950344208214
train/iterations_per_sec: 35.29778427301406
train/l12_reg: 0.7958207100328772
train/loss: 0.005517639163317102
train/mse: 0.002870650098875466
train/psnr: 25.432110275885073
train/tv_reg_l1: 0.17797132227757964
train/tv_reg_l2: 0.05505779103347749
