lpips: 0.13064981997013092
mse: 0.002792925341054797
psnr: 25.55763944901978
ssim: 0.9199976921081543
