iterations_per_sec: 47.796248296589
train/distortion_loss: 0.002853560501314474
train/grad_norm: 0.07054120099002664
train/interlevel_loss: 0.0003470162440072557
train/iterations_per_sec: 47.796248296589
train/l12_reg: 0.932437974395174
train/loss: 0.003211015955347455
train/mse: 0.0026816552448453326
train/psnr: 25.74230920425569
train/tv_reg_l1: 0.09182329882274974
train/tv_reg_l2: 0.01794909145871196
