lpips: 0.010074823163449764
mse: 0.00035371482954360545
psnr: 34.87778270299863
ssim: 0.9756355285644531
