lpips: 0.00734102725982666
mse: 0.00021853038924746215
psnr: 36.68601320268586
ssim: 0.9798325896263123
