iterations_per_sec: 66.93167352428209
train/distortion_loss: 0.0030494612580485117
train/grad_norm: 0.0006145196284797757
train/interlevel_loss: 0.0005174119535814783
train/iterations_per_sec: 66.93167352428209
train/l12_reg: 0.45435439667316396
train/loss: 0.0014200087559099
train/mse: 0.00023368308691053906
train/psnr: 36.376631765654594
train/tv_reg_l1: 0.06356241170204047
train/tv_reg_l2: 0.02115098520586587
