lpips: 0.016634410247206688
mse: 0.000523313065059483
psnr: 32.87257332083372
ssim: 0.9768667817115784
