lpips: 0.022974565625190735
mse: 0.0012333281338214874
psnr: 29.31064839286335
ssim: 0.962412416934967
