iterations_per_sec: 16.897647699032493
train/distortion_loss: 0.020254025066440754
train/grad_norm: 0.01774366090375215
train/interlevel_loss: 0.0006965860257611958
train/iterations_per_sec: 16.897647699032493
train/l12_reg: 2.4630813598632812
train/loss: 0.0012556815853888036
train/mse: 0.0005388415252173677
train/psnr: 32.71661012822931
train/tv_reg_l1: 2.0521477641481343
train/tv_reg_l2: 2.8453749478465378
