iterations_per_sec: 15.350929640316124
train/distortion_loss: 0.2659174089479928
train/grad_norm: 0.13619442035754523
train/interlevel_loss: 0.0017984407363609985
train/iterations_per_sec: 15.350929640316124
train/l12_reg: 2.557748409232708
train/loss: 0.006999348182080671
train/mse: 0.004934990025981508
train/psnr: 23.071241243921143
train/tv_reg_l1: 1.7969569485596937
train/tv_reg_l2: 2.5156500580334904
