lpips: 0.012160745449364185
mse: 0.00015172439452726394
psnr: 38.26306960070379
ssim: 0.9821616411209106
