lpips: 0.014828469604253769
mse: 0.0002673587005119771
psnr: 36.66881649124892
ssim: 0.9797479510307312
