iterations_per_sec: 38.69390964447584
train/distortion_loss: 0.0027625680633002157
train/grad_norm: 0.008009826512819137
train/interlevel_loss: 0.00010333121749819398
train/iterations_per_sec: 38.69390964447584
train/l12_reg: 0.4069245078346946
train/loss: 0.0007592804490052389
train/mse: 0.00015587598009557095
train/psnr: 38.10681495281181
train/tv_reg_l1: 0.04236164546073085
train/tv_reg_l2: 0.009038615811879586
