iterations_per_sec: 42.2327888172492
train/distortion_loss: 0.4151204369886957
train/grad_norm: 0.06313795438318541
train/interlevel_loss: 0.002093338786219858
train/iterations_per_sec: 42.2327888172492
train/l12_reg: 0.7861851634401263
train/loss: 0.023346834336266373
train/mse: 0.02054638436271085
train/psnr: 16.87451060131343
train/tv_reg_l1: 0.1301381429939559
train/tv_reg_l2: 0.029199074107137592
