lpips: 0.01112943422049284
mse: 0.00024956787819974124
psnr: 36.12578951115069
ssim: 0.9763657450675964
