lpips: 0.014973422512412071
mse: 0.0004356207209639251
psnr: 33.91727955134915
ssim: 0.9698374271392822
