iterations_per_sec: 41.441072424560474
train/distortion_loss: 0.003365598854166691
train/grad_norm: 0.018379056459349213
train/interlevel_loss: 0.0004915044180851316
train/iterations_per_sec: 41.441072424560474
train/l12_reg: 0.4779149287878865
train/loss: 0.0014714504888450558
train/mse: 0.00027049506701072774
train/psnr: 35.725567788788766
train/tv_reg_l1: 0.06855451473684022
train/tv_reg_l2: 0.02281704465999748
