iterations_per_sec: 18.066437376513438
train/distortion_loss: 0.2890444948817744
train/grad_norm: 0.32576008728056244
train/interlevel_loss: 0.0035332195399648916
train/iterations_per_sec: 18.066437376513438
train/l12_reg: 0.665677380080175
train/loss: 0.012628612597708148
train/mse: 0.007293605447906738
train/psnr: 21.375464352694426
train/tv_reg_l1: 0.1891194163548826
train/tv_reg_l2: 0.08470655601434034
