lpips: 0.2305338978767395
mse: 0.010264495387673378
psnr: 19.953328001103635
ssim: 0.8052682280540466
