iterations_per_sec: 46.7418331637068
train/distortion_loss: 0.01413782892955674
train/grad_norm: 0.07087258422615553
train/interlevel_loss: 0.0011780690484106391
train/iterations_per_sec: 46.7418331637068
train/l12_reg: 0.914334733678837
train/loss: 0.010226509562044434
train/mse: 0.00882774969619332
train/psnr: 20.55179592094036
train/tv_reg_l1: 0.107871315169214
train/tv_reg_l2: 0.02065529433464763
