lpips: 0.040585242211818695
mse: 0.0021361997351050377
psnr: 27.19707622625742
ssim: 0.9254319071769714
