lpips: 0.026861943304538727
mse: 0.0008065676665864885
psnr: 31.14470380105025
ssim: 0.9533928632736206
