iterations_per_sec: 21.795366904460312
train/distortion_loss: 0.009826502151260472
train/grad_norm: 0.0015271643818722982
train/interlevel_loss: 0.00025115064665736313
train/iterations_per_sec: 21.795366904460312
train/l12_reg: 2.4188061410730537
train/loss: 0.0010923748016310386
train/mse: 0.0008313976506928377
train/psnr: 30.830223584415936
train/tv_reg_l1: 1.897811613901697
train/tv_reg_l2: 2.7048316194553568
