lpips: 0.009649608284235
mse: 0.00023452666937373579
psnr: 36.40725464427897
ssim: 0.978534996509552
