lpips: 0.013474204577505589
mse: 0.0004139503580518067
psnr: 34.20670138916753
ssim: 0.9728802442550659
