iterations_per_sec: 41.51757712286599
train/distortion_loss: 0.003217792107883577
train/grad_norm: 0.019272986705405542
train/interlevel_loss: 0.0006271750998984308
train/iterations_per_sec: 41.51757712286599
train/l12_reg: 0.5098040766186185
train/loss: 0.0016418112103234637
train/mse: 0.00025422414079792984
train/psnr: 36.00951759261314
train/tv_reg_l1: 0.07769453630904959
train/tv_reg_l2: 0.0247390064589604
