lpips: 0.23001304268836975
mse: 0.004904729314148426
psnr: 23.18691144469439
ssim: 0.760159432888031
