iterations_per_sec: 47.961663698394716
train/distortion_loss: 0.021907670084725727
train/grad_norm: 0.07080781869966575
train/interlevel_loss: 0.0006376755484991302
train/iterations_per_sec: 47.961663698394716
train/l12_reg: 0.9079993096264926
train/loss: 0.005134909136239627
train/mse: 0.004297713692666906
train/psnr: 23.683632320827908
train/tv_reg_l1: 0.10045296518188535
train/tv_reg_l2: 0.017761225012516736
