lpips: 0.140480175614357
mse: 0.0030044519808143377
psnr: 25.39455168773226
ssim: 0.8675382137298584
