iterations_per_sec: 47.93426275185215
train/distortion_loss: 0.005648466894835836
train/grad_norm: 0.027300671956530125
train/interlevel_loss: 0.0004891061125266733
train/iterations_per_sec: 47.93426275185215
train/l12_reg: 0.9447487333808282
train/loss: 0.0033869868205540408
train/mse: 0.002761225336033738
train/psnr: 25.59952780213019
train/tv_reg_l1: 0.08074472031810066
train/tv_reg_l2: 0.0131006883833595
