iterations_per_sec: 38.16191198761733
train/distortion_loss: 0.20808873287957125
train/grad_norm: 0.05338096182153682
train/interlevel_loss: 0.001416032831654931
train/iterations_per_sec: 38.16191198761733
train/l12_reg: 1.0010397596792742
train/loss: 0.008308500432494011
train/mse: 0.00645462732122402
train/psnr: 21.90406404360376
train/tv_reg_l1: 0.11615816849951792
train/tv_reg_l2: 0.022975157099691303
