lpips: 0.013069956563413143
mse: 0.00039400364039465785
psnr: 34.25316289189054
ssim: 0.9788769483566284
