lpips: 0.010306277312338352
mse: 0.0003203354135621339
psnr: 35.283670482402506
ssim: 0.9823045134544373
