iterations_per_sec: 55.43960743892348
train/distortion_loss: 0.0009506405043095877
train/grad_norm: 0.017740926131455587
train/interlevel_loss: 0.00013033278178273126
train/iterations_per_sec: 55.43960743892348
train/l12_reg: 0.35474813405913536
train/loss: 0.0009436932241901605
train/mse: 0.0003336970321010949
train/psnr: 34.80039704448045
train/tv_reg_l1: 0.03681762915368032
train/tv_reg_l2: 0.012396461678424267
