iterations_per_sec: 41.72083559432288
train/distortion_loss: 0.3693720349157699
train/grad_norm: 0.06713745242567977
train/interlevel_loss: 0.0019778459264680444
train/iterations_per_sec: 41.72083559432288
train/l12_reg: 1.568252834406766
train/loss: 0.04078579931096597
train/mse: 0.03811429629121164
train/psnr: 14.190250685720732
train/tv_reg_l1: 0.12931961844665835
train/tv_reg_l2: 0.03242851650775081
