iterations_per_sec: 13.397699532784955
train/distortion_loss: 0.4061719705962171
train/grad_norm: 0.35136360953552553
train/interlevel_loss: 0.005030613162112657
train/iterations_per_sec: 13.397699532784955
train/l12_reg: 2.168126758902964
train/loss: 0.012728771288888623
train/mse: 0.007291986127242897
train/psnr: 21.376885789813418
train/tv_reg_l1: 1.7328498580239036
train/tv_reg_l2: 2.5052346821987266
