lpips: 0.04350394755601883
mse: 0.0015120160533115268
psnr: 28.268471014365215
ssim: 0.9451408982276917
