lpips: 0.06158969923853874
mse: 0.004279620014131069
psnr: 24.005895790086708
ssim: 0.9191178679466248
