iterations_per_sec: 16.660274818650162
train/distortion_loss: 0.02095160676599151
train/grad_norm: 0.041944816200570625
train/interlevel_loss: 0.0007841413942955886
train/iterations_per_sec: 16.660274818650162
train/l12_reg: 2.4992922267528495
train/loss: 0.002378925264841228
train/mse: 0.0015738322587702611
train/psnr: 28.052132134485728
train/tv_reg_l1: 1.8365055081820247
train/tv_reg_l2: 2.4830620481510355
