lpips: 0.012120772153139114
mse: 0.00039410515455529094
psnr: 34.42848501413332
ssim: 0.9730069041252136
