lpips: 0.009027536027133465
mse: 0.00023932756448630244
psnr: 36.29345988611898
ssim: 0.9777815937995911
