iterations_per_sec: 55.320528966588206
train/distortion_loss: 0.003109466778396657
train/grad_norm: 0.026391894843504585
train/interlevel_loss: 0.0005102729330173308
train/iterations_per_sec: 55.320528966588206
train/l12_reg: 0.4516751901669936
train/loss: 0.001432035752158198
train/mse: 0.00025530532752093154
train/psnr: 35.98350220497208
train/tv_reg_l1: 0.06482194138295723
train/tv_reg_l2: 0.0211672806792488
