lpips: 0.052165742963552475
mse: 0.003254312090575695
psnr: 25.15315177951611
ssim: 0.9302113056182861
