lpips: 0.04273657873272896
mse: 0.0015645158709958196
psnr: 28.135421589577945
ssim: 0.9471337795257568
