iterations_per_sec: 54.99507235508638
train/distortion_loss: 0.005704613101452288
train/grad_norm: 0.04076109260245405
train/interlevel_loss: 0.00036333015863548477
train/iterations_per_sec: 54.99507235508638
train/l12_reg: 0.5025693810347355
train/loss: 0.0028117457146031987
train/mse: 0.0016475131069639264
train/psnr: 27.854641153354837
train/tv_reg_l1: 0.08691773405580809
train/tv_reg_l2: 0.029262841895523698
