lpips: 0.011481196619570255
mse: 0.000531847239471972
psnr: 32.914744545293416
ssim: 0.9816631078720093
