lpips: 0.009452917613089085
mse: 0.00037389728822745383
psnr: 34.49369310405179
ssim: 0.9848246574401855
