iterations_per_sec: 16.960784649620354
train/distortion_loss: 0.004180828563285747
train/grad_norm: 0.03196503518318588
train/interlevel_loss: 9.517237527009025e-05
train/iterations_per_sec: 16.960784649620354
train/l12_reg: 2.0851194882633712
train/loss: 0.0005052935348522633
train/mse: 0.0004059403333366105
train/psnr: 33.95866844870827
train/tv_reg_l1: 1.4625715306310942
train/tv_reg_l2: 1.6340929426328101
