lpips: 0.010588450357317924
mse: 0.0003311556647531688
psnr: 35.13681694047777
ssim: 0.9819716811180115
