lpips: 0.013341858051717281
mse: 0.00040718450327403843
psnr: 34.11068320884365
ssim: 0.9784911870956421
