iterations_per_sec: 55.94976786086775
train/distortion_loss: 0.0008815028498918194
train/grad_norm: 0.016951230900230433
train/interlevel_loss: 0.00012179018614750186
train/iterations_per_sec: 55.94976786086775
train/l12_reg: 0.35346604898722483
train/loss: 0.0009480024031786756
train/mse: 0.0003481014247165259
train/psnr: 34.61923475939818
train/tv_reg_l1: 0.036530010929011335
train/tv_reg_l2: 0.012376322570924808
