lpips: 0.2859444320201874
mse: 0.0062674726359546185
psnr: 22.19478053738093
ssim: 0.7397681474685669
