iterations_per_sec: 50.97305419566833
train/distortion_loss: 0.03203423543259351
train/grad_norm: 0.09169387365832474
train/interlevel_loss: 0.0009637069518000565
train/iterations_per_sec: 50.97305419566833
train/l12_reg: 1.1369704381384031
train/loss: 0.006438639113735972
train/mse: 0.005223711411647423
train/psnr: 22.83532107960094
train/tv_reg_l1: 0.12914160465953325
train/tv_reg_l2: 0.021918652428671567
