lpips: 0.1101057305932045
mse: 0.0014194340910762548
psnr: 28.52914602876924
ssim: 0.9103311896324158
