iterations_per_sec: 51.11621009717425
train/distortion_loss: 0.008820553319622773
train/grad_norm: 0.030472684171841
train/interlevel_loss: 0.0007723359117105678
train/iterations_per_sec: 51.11621009717425
train/l12_reg: 1.0800900591744318
train/loss: 0.0022417617599583333
train/mse: 0.0013591334190821709
train/psnr: 28.684046138416637
train/tv_reg_l1: 0.06742069256877659
train/tv_reg_l2: 0.010147189307543967
