lpips: 0.010975735262036324
mse: 0.00034668282023631036
psnr: 34.808859500324175
ssim: 0.9816823601722717
