lpips: 0.00861329585313797
mse: 0.000278762832749635
psnr: 35.87547060290366
ssim: 0.9848006367683411
