iterations_per_sec: 38.702100151815905
train/distortion_loss: 0.0008818794364072007
train/grad_norm: 0.015423590684253159
train/interlevel_loss: 0.00010931874295247417
train/iterations_per_sec: 38.702100151815905
train/l12_reg: 0.3370677413362445
train/loss: 0.0008569135862129807
train/mse: 0.0002946833372315994
train/psnr: 35.349179007790305
train/tv_reg_l1: 0.033829592394106316
train/tv_reg_l2: 0.011496188485938492
