lpips: 0.03956930711865425
mse: 0.0013959099305793643
psnr: 28.62005179247589
ssim: 0.9497997760772705
