lpips: 0.051165204495191574
mse: 0.0034620524384081364
psnr: 24.91421189770467
ssim: 0.9289266467094421
