iterations_per_sec: 34.54204497695279
train/distortion_loss: 0.01533865960634718
train/grad_norm: 0.03860895952793083
train/interlevel_loss: 0.0005987328183225761
train/iterations_per_sec: 34.54204497695279
train/l12_reg: 0.5507435148412531
train/loss: 0.002975991783626001
train/mse: 0.0014853161451585516
train/psnr: 28.30782951971497
train/tv_reg_l1: 0.11609289975780429
train/tv_reg_l2: 0.032586062082437556
