iterations_per_sec: 43.87217033644098
train/distortion_loss: 0.14092975433426674
train/grad_norm: 0.14261240120789018
train/interlevel_loss: 0.0012068351133340837
train/iterations_per_sec: 43.87217033644098
train/l12_reg: 0.7562890606697159
train/loss: 0.024190100399081153
train/mse: 0.022323010432900803
train/psnr: 16.514057275020715
train/tv_reg_l1: 0.14968204076844033
train/tv_reg_l2: 0.05193250509675103
