iterations_per_sec: 18.11408131777778
train/distortion_loss: 0.28194536313866125
train/grad_norm: 0.4383762072433125
train/interlevel_loss: 0.006244052488432087
train/iterations_per_sec: 18.11408131777778
train/l12_reg: 2.329631632024592
train/loss: 0.03113086282680131
train/mse: 0.024604864851242365
train/psnr: 16.091354418282556
train/tv_reg_l1: 1.7498403546786068
train/tv_reg_l2: 2.4153868887159557
