lpips: 0.104568712413311
mse: 0.0013272091746330261
psnr: 28.85240025769285
ssim: 0.9148107767105103
