iterations_per_sec: 50.149306486509985
train/distortion_loss: 0.006646427786862007
train/grad_norm: 0.02782304406241335
train/interlevel_loss: 0.00034901723230370516
train/iterations_per_sec: 50.149306486509985
train/l12_reg: 1.3022011927884034
train/loss: 0.0017258663240801355
train/mse: 0.0012493917125869882
train/psnr: 29.04854044288096
train/tv_reg_l1: 0.08379377372036076
train/tv_reg_l2: 0.012081093850987728
