lpips: 0.01048373244702816
mse: 0.00048138064448721707
psnr: 33.29071180041606
ssim: 0.9825297594070435
