lpips: 0.009651366621255875
mse: 0.00041705166222527623
psnr: 34.01980630281448
ssim: 0.9842445850372314
