iterations_per_sec: 50.78902064144429
train/distortion_loss: 0.0011010890358569797
train/grad_norm: 0.0363504725386097
train/interlevel_loss: 9.541116837727264e-05
train/iterations_per_sec: 50.78902064144429
train/l12_reg: 0.2670212478348703
train/loss: 0.0008973717075687918
train/mse: 0.0004431184953327921
train/psnr: 33.58043616709083
train/tv_reg_l1: 0.025501563900498427
train/tv_reg_l2: 0.009071970922928867
