lpips: 0.01733999326825142
mse: 0.0007675570086576045
psnr: 31.209401854557683
ssim: 0.9690933227539062
