lpips: 0.015593861229717731
mse: 0.0005526704480871558
psnr: 32.6516815606661
ssim: 0.9767537713050842
