iterations_per_sec: 56.52073831613657
train/distortion_loss: 0.004030980235624193
train/grad_norm: 0.0008211031319771075
train/interlevel_loss: 0.0003666574669874866
train/iterations_per_sec: 56.52073831613657
train/l12_reg: 0.36850963066322634
train/loss: 0.001511229038699483
train/mse: 0.0005871193204780645
train/psnr: 32.34350684194854
train/tv_reg_l1: 0.05190187703930971
train/tv_reg_l2: 0.018491162438735817
