lpips: 0.020188288763165474
mse: 0.0010704596061259508
psnr: 29.88375936195557
ssim: 0.9661003351211548
