lpips: 0.014881580136716366
mse: 0.0004752047243528068
psnr: 33.292430970407416
ssim: 0.9789509773254395
