iterations_per_sec: 16.25606478233659
train/distortion_loss: 0.017918917896094348
train/grad_norm: 0.013397055179482758
train/interlevel_loss: 0.000643335758459124
train/iterations_per_sec: 16.25606478233659
train/l12_reg: 2.505028565724691
train/loss: 0.001152950106188655
train/mse: 0.0004916954191749671
train/psnr: 33.11003107013124
train/tv_reg_l1: 2.02220107569839
train/tv_reg_l2: 2.822689044355142
