iterations_per_sec: 13.07012646270999
train/distortion_loss: 0.3194737879916875
train/grad_norm: 0.4849527529393784
train/interlevel_loss: 0.006400301525689134
train/iterations_per_sec: 13.07012646270999
train/l12_reg: 2.2602763633535368
train/loss: 0.02963456056184239
train/mse: 0.022914785233260404
train/psnr: 16.400369528568152
train/tv_reg_l1: 1.7058536151442865
train/tv_reg_l2: 2.293168494195649
