iterations_per_sec: 45.906801807246794
train/distortion_loss: 0.18615131095202284
train/grad_norm: 0.10447464164609861
train/interlevel_loss: 0.0010611358300942665
train/iterations_per_sec: 45.906801807246794
train/l12_reg: 0.7149922462424847
train/loss: 0.019015790932256766
train/mse: 0.017363876443017612
train/psnr: 17.605387658783883
train/tv_reg_l1: 0.13468846076666707
train/tv_reg_l2: 0.04046271557007173
