lpips: 0.2883046865463257
mse: 0.006266843061894178
psnr: 22.21501396282485
ssim: 0.7401780486106873
