iterations_per_sec: 46.10582259554352
train/distortion_loss: 0.03366554206745191
train/grad_norm: 0.09682357119339885
train/interlevel_loss: 0.0013214658012124475
train/iterations_per_sec: 46.10582259554352
train/l12_reg: 0.9507371054755317
train/loss: 0.006717000659931489
train/mse: 0.0051693052354485096
train/psnr: 22.880060850971876
train/tv_reg_l1: 0.10203603022929394
train/tv_reg_l2: 0.019256407564336605
