lpips: 0.010191652923822403
mse: 0.00043643475510179996
psnr: 33.811161981193315
ssim: 0.9835128784179688
