lpips: 0.011366967111825943
mse: 0.0005082017742097378
psnr: 33.06411131446495
ssim: 0.9815595746040344
