iterations_per_sec: 50.03790597076368
train/distortion_loss: 0.0011877860918622276
train/grad_norm: 0.0388216112335824
train/interlevel_loss: 0.00013208281914080315
train/iterations_per_sec: 50.03790597076368
train/l12_reg: 0.27283254536715423
train/loss: 0.0009684684807481714
train/mse: 0.0004671652465611884
train/psnr: 33.34867521729132
train/tv_reg_l1: 0.02558325558449283
train/tv_reg_l2: 0.00952000795590757
