lpips: 0.010612818412482738
mse: 0.00033668053220026195
psnr: 35.071225210154395
ssim: 0.9814066290855408
