lpips: 0.01361383218318224
mse: 0.0004163866105955094
psnr: 34.01816958480944
ssim: 0.9777148365974426
