iterations_per_sec: 55.32634621094171
train/distortion_loss: 0.0009505203930952709
train/grad_norm: 0.017656320414383603
train/interlevel_loss: 0.00011963935824983632
train/iterations_per_sec: 55.32634621094171
train/l12_reg: 0.3652459367959186
train/loss: 0.0009674962846364713
train/mse: 0.00035282971944208396
train/psnr: 34.557482517126836
train/tv_reg_l1: 0.03842981848301309
train/tv_reg_l2: 0.01288307374437349
