lpips: 0.013978937640786171
mse: 0.0002488580939825624
psnr: 36.834853865437225
ssim: 0.9801706075668335
