lpips: 0.012036575004458427
mse: 0.0001495180040365085
psnr: 38.32443235073683
ssim: 0.9823207855224609
