iterations_per_sec: 36.885288365994036
train/distortion_loss: 0.002590970815902557
train/grad_norm: 0.008850923859316743
train/interlevel_loss: 7.482442342366957e-05
train/iterations_per_sec: 36.885288365994036
train/l12_reg: 0.3184932473331991
train/loss: 0.0006165633200329136
train/mse: 0.0001537742283115295
train/psnr: 38.16703322439483
train/tv_reg_l1: 0.027044466028761382
train/tv_reg_l2: 0.006688044063107233
