lpips: 0.12310847640037537
mse: 0.004669021815061569
psnr: 23.453955660186434
ssim: 0.8649488687515259
