iterations_per_sec: 47.83983524672604
train/distortion_loss: 0.007332998915867071
train/grad_norm: 0.07158444835004782
train/interlevel_loss: 0.000868351443616598
train/iterations_per_sec: 47.83983524672604
train/l12_reg: 0.6544255343350497
train/loss: 0.004997959402813153
train/mse: 0.003963899422399324
train/psnr: 24.042905576301344
train/tv_reg_l1: 0.0793364363336804
train/tv_reg_l2: 0.01583755607105265
