lpips: 0.07573675364255905
mse: 0.0009435325628146529
psnr: 30.37964049716346
ssim: 0.8901715278625488
