lpips: 0.08321063220500946
mse: 0.0007377011934295297
psnr: 31.357885912209444
ssim: 0.887032687664032
