iterations_per_sec: 55.63367189085833
train/distortion_loss: 0.009263799074247028
train/grad_norm: 0.0007955990943380377
train/interlevel_loss: 0.0003595211031032971
train/iterations_per_sec: 55.63367189085833
train/l12_reg: 0.5116697188579675
train/loss: 0.001846819297608101
train/mse: 0.0007600080394750518
train/psnr: 31.217594146728516
train/tv_reg_l1: 0.06790008538901204
train/tv_reg_l2: 0.020635661490336812
