lpips: 0.13902105391025543
mse: 0.004309795331209898
psnr: 23.764123755544343
ssim: 0.8609554171562195
