iterations_per_sec: 51.29463879300872
train/distortion_loss: 0.00838127536134738
train/grad_norm: 0.08704156225377863
train/interlevel_loss: 0.0012702887320439472
train/iterations_per_sec: 51.29463879300872
train/l12_reg: 0.7763426057016006
train/loss: 0.005170273505188901
train/mse: 0.0037739104309091063
train/psnr: 24.248635436549332
train/tv_reg_l1: 0.07103174684023617
train/tv_reg_l2: 0.011769307918395058
