iterations_per_sec: 18.1644749027679
train/distortion_loss: 0.3566372545078547
train/grad_norm: 0.329975714587202
train/interlevel_loss: 0.005129203379078947
train/iterations_per_sec: 18.1644749027679
train/l12_reg: 2.284574458093354
train/loss: 0.013388318009674549
train/mse: 0.007902477303463402
train/psnr: 21.026908469922613
train/tv_reg_l1: 1.7824558441085046
train/tv_reg_l2: 2.6494907008277044
