lpips: 0.007578198332339525
mse: 0.0003596623137127608
psnr: 34.683783399018665
ssim: 0.986787736415863
