lpips: 0.008907772600650787
mse: 0.00043223483953624964
psnr: 33.78493965059919
ssim: 0.9847326874732971
