iterations_per_sec: 41.10787134501131
train/distortion_loss: 0.0010867068565196612
train/grad_norm: 0.03335024303559101
train/interlevel_loss: 7.93474266009236e-05
train/iterations_per_sec: 41.10787134501131
train/l12_reg: 0.2774821706492491
train/loss: 0.000843769922438595
train/mse: 0.0003930986811867868
train/psnr: 34.11650883067738
train/tv_reg_l1: 0.026338337948828033
train/tv_reg_l2: 0.009275490841404959
