iterations_per_sec: 17.016626568932605
train/distortion_loss: 0.0719560452482917
train/grad_norm: 0.0729835086473913
train/interlevel_loss: 0.0014795624707458596
train/iterations_per_sec: 17.016626568932605
train/l12_reg: 2.267600933710734
train/loss: 0.0045186194374856326
train/mse: 0.0029671009220747333
train/psnr: 25.28047395956637
train/tv_reg_l1: 1.565821718687963
train/tv_reg_l2: 2.181870303972803
