lpips: 0.05131381005048752
mse: 0.0032970544416457415
psnr: 25.128875131490528
ssim: 0.9282969832420349
