lpips: 0.040266647934913635
mse: 0.0014583556912839413
psnr: 28.43789212985182
ssim: 0.94791579246521
