iterations_per_sec: 41.101275152155566
train/distortion_loss: 0.013640172911262271
train/grad_norm: 0.037782815877686844
train/interlevel_loss: 0.0005440654546478669
train/iterations_per_sec: 41.101275152155566
train/l12_reg: 0.5399288781965622
train/loss: 0.002972024878618693
train/mse: 0.0015294451779224957
train/psnr: 28.177254397459706
train/tv_reg_l1: 0.1184108124838935
train/tv_reg_l2: 0.0344945178414234
