iterations_per_sec: 39.704625995862564
train/distortion_loss: 0.2619100259711044
train/grad_norm: 0.08607351110138074
train/interlevel_loss: 0.002289950603035965
train/iterations_per_sec: 39.704625995862564
train/l12_reg: 1.0893675751156278
train/loss: 0.012052566603277668
train/mse: 0.009240370836447586
train/psnr: 20.34675546125932
train/tv_reg_l1: 0.12218220546992138
train/tv_reg_l2: 0.02603351661577971
