lpips: 0.06025015190243721
mse: 0.004219581373035908
psnr: 24.074655766199314
ssim: 0.9199050068855286
