lpips: 0.04355265572667122
mse: 0.0015139782335609198
psnr: 28.259504322026306
ssim: 0.9453888535499573
