iterations_per_sec: 15.110026787389037
train/distortion_loss: 0.020704325269719565
train/grad_norm: 0.039339781861112574
train/interlevel_loss: 0.0007956005565850346
train/iterations_per_sec: 15.110026787389037
train/l12_reg: 2.4439452513299806
train/loss: 0.0024024885044329697
train/mse: 0.0015861836257343642
train/psnr: 28.02120605622879
train/tv_reg_l1: 1.8290764803838249
train/tv_reg_l2: 2.40445858781988
