lpips: 0.13293977081775665
mse: 0.004265988245606422
psnr: 23.812376722591033
ssim: 0.8624378442764282
