iterations_per_sec: 45.92915576062024
train/distortion_loss: 0.010946672776657524
train/grad_norm: 0.08503163597461852
train/interlevel_loss: 0.0012394819406303342
train/iterations_per_sec: 45.92915576062024
train/l12_reg: 0.7364998441753965
train/loss: 0.005027935506230352
train/mse: 0.0036606344681308425
train/psnr: 24.381110875293462
train/tv_reg_l1: 0.07442489567429128
train/tv_reg_l2: 0.01168723814565726
