lpips: 0.01797797530889511
mse: 0.000649798836093396
psnr: 32.102304814664855
ssim: 0.9641906023025513
