lpips: 0.02448868751525879
mse: 0.0013204426504671574
psnr: 29.0539197564563
ssim: 0.9430884718894958
