iterations_per_sec: 38.41776475120508
train/distortion_loss: 0.006784886436894386
train/grad_norm: 0.032840456390245396
train/interlevel_loss: 0.00025413558754312684
train/iterations_per_sec: 38.41776475120508
train/l12_reg: 0.4281576369145904
train/loss: 0.0015484535716229467
train/mse: 0.0006810909453450203
train/psnr: 31.69801756348273
train/tv_reg_l1: 0.05833857355996816
train/tv_reg_l2: 0.017828449926743605
