iterations_per_sec: 42.04194232891181
train/distortion_loss: 0.34756847312956146
train/grad_norm: 0.06466338158857943
train/interlevel_loss: 0.0019013832271513012
train/iterations_per_sec: 42.04194232891181
train/l12_reg: 0.8937283453315196
train/loss: 0.04143263952750148
train/mse: 0.03888034357717543
train/psnr: 14.10385303304653
train/tv_reg_l1: 0.12699140879240903
train/tv_reg_l2: 0.0303344221390558
