iterations_per_sec: 24.729773265670886
train/distortion_loss: 0.30525144182070335
train/grad_norm: 0.19189522528287137
train/interlevel_loss: 0.000993437357740759
train/iterations_per_sec: 24.729773265670886
train/l12_reg: 0.7884400529090805
train/loss: 0.005330568240635624
train/mse: 0.002708423280655736
train/psnr: 25.68630222359089
train/tv_reg_l1: 0.17311549231861578
train/tv_reg_l2: 0.05350161072882739
