lpips: 0.008819550275802612
mse: 0.00028348254272714257
psnr: 35.79376833637413
ssim: 0.9842867851257324
