lpips: 0.011325979605317116
mse: 0.0003557787567842752
psnr: 34.689922152862295
ssim: 0.9809198975563049
