iterations_per_sec: 38.62136955846899
train/distortion_loss: 0.0009304649999713281
train/grad_norm: 0.014789041244622433
train/interlevel_loss: 0.0001481336743142832
train/iterations_per_sec: 38.62136955846899
train/l12_reg: 0.4005107985000418
train/loss: 0.0009838704818229407
train/mse: 0.00029740034751923324
train/psnr: 35.30111617271346
train/tv_reg_l1: 0.044890861845377716
train/tv_reg_l2: 0.013689516911828759
