lpips: 0.04068604111671448
mse: 0.0014683329500257969
psnr: 28.40876264969935
ssim: 0.9489810466766357
