lpips: 0.052782461047172546
mse: 0.0035052807070314884
psnr: 24.840939106836267
ssim: 0.9287319779396057
