iterations_per_sec: 41.569499469573294
train/distortion_loss: 0.012391110534092994
train/grad_norm: 0.039280020321408905
train/interlevel_loss: 0.0005494364977677851
train/iterations_per_sec: 41.569499469573294
train/l12_reg: 0.5462373230192397
train/loss: 0.0029721481824350176
train/mse: 0.0015485431608565226
train/psnr: 28.12616905058273
train/tv_reg_l1: 0.1052049770951271
train/tv_reg_l2: 0.03155400415863654
