lpips: 0.11068033427000046
mse: 0.0039514959789812565
psnr: 24.145629955561454
ssim: 0.8688886761665344
