iterations_per_sec: 52.180259312883706
train/distortion_loss: 0.009323542222681672
train/grad_norm: 0.07869871760332825
train/interlevel_loss: 0.0003601980346814739
train/iterations_per_sec: 52.180259312883706
train/l12_reg: 0.6834093747716962
train/loss: 0.0037399109880994967
train/mse: 0.0032420910876056162
train/psnr: 24.91014825454866
train/tv_reg_l1: 0.07688978796053414
train/tv_reg_l2: 0.012829830230335997
