lpips: 0.006112304981797934
mse: 0.00018467662448529154
psnr: 37.415265826933165
ssim: 0.9826299548149109
