lpips: 0.00875155720859766
mse: 0.00033057559630833566
psnr: 35.34515196619505
ssim: 0.9783821105957031
