iterations_per_sec: 45.96688974593716
train/distortion_loss: 0.002995302609045698
train/grad_norm: 0.0005517480462775425
train/interlevel_loss: 0.0005134406150906638
train/iterations_per_sec: 45.96688974593716
train/l12_reg: 0.4428077731469665
train/loss: 0.0013609750871311384
train/mse: 0.0001988124478352021
train/psnr: 37.07823150326507
train/tv_reg_l1: 0.06081415867113104
train/tv_reg_l2: 0.02029189367712748
