iterations_per_sec: 15.06661747934874
train/distortion_loss: 0.23686795312948902
train/grad_norm: 0.32357557027628925
train/interlevel_loss: 0.0034610351190121486
train/iterations_per_sec: 15.06661747934874
train/l12_reg: 2.279539296121308
train/loss: 0.012327522095857244
train/mse: 0.008629618955757281
train/psnr: 20.643906872681896
train/tv_reg_l1: 1.7341667702703765
train/tv_reg_l2: 2.3920473522610135
