lpips: 0.0112812090665102
mse: 0.0005087955505587161
psnr: 33.0819513646954
ssim: 0.9817352294921875
