lpips: 0.009963768534362316
mse: 0.00042566959746181965
psnr: 33.933168803943694
ssim: 0.9839318990707397
