iterations_per_sec: 55.39385485862624
train/distortion_loss: 0.001001732166376755
train/grad_norm: 0.000641836566354308
train/interlevel_loss: 7.921209786824572e-05
train/iterations_per_sec: 55.39385485862624
train/l12_reg: 0.2932265099852976
train/loss: 0.0009338741374173851
train/mse: 0.00045978440050590744
train/psnr: 33.41932853544601
train/tv_reg_l1: 0.028858944961819986
train/tv_reg_l2: 0.010064937465946482
