lpips: 0.020842932164669037
mse: 0.0010773615213111043
psnr: 29.851418002625664
ssim: 0.9652746319770813
