lpips: 0.015514474362134933
mse: 0.0004983246908523142
psnr: 33.08948827146001
ssim: 0.9779193997383118
