iterations_per_sec: 16.917164560933397
train/distortion_loss: 0.016297609131369326
train/grad_norm: 0.016142407827305073
train/interlevel_loss: 0.0005908105157861355
train/iterations_per_sec: 16.917164560933397
train/l12_reg: 2.4799777088743267
train/loss: 0.001121062189199482
train/mse: 0.0005139540636916692
train/psnr: 32.91916467685892
train/tv_reg_l1: 2.0307987820018423
train/tv_reg_l2: 2.8484731996902313
