lpips: 0.1446065753698349
mse: 0.005203125532716513
psnr: 22.971372799231826
ssim: 0.8491470217704773
