iterations_per_sec: 47.52444108441485
train/distortion_loss: 0.007385224470812263
train/grad_norm: 0.06944128803231499
train/interlevel_loss: 0.00022255377935109227
train/iterations_per_sec: 47.52444108441485
train/l12_reg: 0.7614893479780718
train/loss: 0.004704234481911466
train/mse: 0.004308563666512268
train/psnr: 23.671943722349226
train/tv_reg_l1: 0.0857066104207376
train/tv_reg_l2: 0.016573184310938373
