iterations_per_sec: 41.48329895635324
train/distortion_loss: 0.22261992503296246
train/grad_norm: 0.06359427883242717
train/interlevel_loss: 0.002379699751283183
train/iterations_per_sec: 41.48329895635324
train/l12_reg: 0.9321073546554103
train/loss: 0.013174975883554329
train/mse: 0.010279226333203943
train/psnr: 19.884134061408766
train/tv_reg_l1: 0.14042792115548644
train/tv_reg_l2: 0.029342986097691034
