iterations_per_sec: 36.13837799151993
train/distortion_loss: 0.5397758116625776
train/grad_norm: 0.07998848160860514
train/interlevel_loss: 0.0031536753392881816
train/iterations_per_sec: 36.13837799151993
train/l12_reg: 1.2889242810432358
train/loss: 0.018035441185488846
train/mse: 0.014022117791076502
train/psnr: 18.534463631986366
train/tv_reg_l1: 0.14566364131792628
train/tv_reg_l2: 0.03198721387771645
