lpips: 0.015309911221265793
mse: 0.00048611548845656216
psnr: 33.19186820806743
ssim: 0.9783563017845154
