lpips: 0.020418312400579453
mse: 0.0010791027452796698
psnr: 29.863551346178145
ssim: 0.9656439423561096
