iterations_per_sec: 16.393993915901063
train/distortion_loss: 0.01768251767175065
train/grad_norm: 0.013535843371893421
train/interlevel_loss: 0.0006161203873673021
train/iterations_per_sec: 16.393993915901063
train/l12_reg: 2.493351452278368
train/loss: 0.0011415563963560595
train/mse: 0.000507753489085125
train/psnr: 32.96754559603605
train/tv_reg_l1: 2.0060212371325252
train/tv_reg_l2: 2.7699887294961947
