iterations_per_sec: 40.07193682057456
train/distortion_loss: 0.3826777892883378
train/grad_norm: 0.0910182118114799
train/interlevel_loss: 0.003343333222084876
train/iterations_per_sec: 40.07193682057456
train/l12_reg: 1.0191694570310188
train/loss: 0.018778775131913148
train/mse: 0.014701332492434015
train/psnr: 18.329247811827997
train/tv_reg_l1: 0.16460238367018074
train/tv_reg_l2: 0.03514317170989634
