lpips: 0.009639057330787182
mse: 0.00045431620674207807
psnr: 33.55255940776752
ssim: 0.9835661053657532
