lpips: 0.008552681654691696
mse: 0.00039058178663253784
psnr: 34.31208657279882
ssim: 0.9853855967521667
