iterations_per_sec: 48.97764338956215
train/distortion_loss: 0.001247589712764955
train/grad_norm: 0.03845746051331963
train/interlevel_loss: 9.805765582102756e-05
train/iterations_per_sec: 48.97764338956215
train/l12_reg: 0.27118414670529994
train/loss: 0.0008818508823157636
train/mse: 0.0004205026107045323
train/psnr: 33.81047963614416
train/tv_reg_l1: 0.02575945154283986
train/tv_reg_l2: 0.009085885587741028
