lpips: 0.23814651370048523
mse: 0.010153761133551598
psnr: 19.98852676751515
ssim: 0.8010676503181458
