iterations_per_sec: 47.00206882638044
train/distortion_loss: 0.01254084361058594
train/grad_norm: 0.07133976456643355
train/interlevel_loss: 0.0011898443453258487
train/iterations_per_sec: 47.00206882638044
train/l12_reg: 0.8487107380472049
train/loss: 0.010222010464981349
train/mse: 0.008823698720509055
train/psnr: 20.552174943866152
train/tv_reg_l1: 0.10206902516309661
train/tv_reg_l2: 0.01959264993366569
