lpips: 0.10103091597557068
mse: 0.0012983467895537615
psnr: 28.950080089386457
ssim: 0.9142993092536926
