iterations_per_sec: 51.2331153611731
train/distortion_loss: 0.008116994753969138
train/grad_norm: 0.030308925367967046
train/interlevel_loss: 0.00035257746654826055
train/iterations_per_sec: 51.2331153611731
train/l12_reg: 1.2684154113133748
train/loss: 0.0016915316157268755
train/mse: 0.001206061510002297
train/psnr: 29.201090456259372
train/tv_reg_l1: 0.08799022398512772
train/tv_reg_l2: 0.01247756513343616
