iterations_per_sec: 14.844724700654172
train/distortion_loss: 0.12142153603560997
train/grad_norm: 0.2993828527855151
train/interlevel_loss: 0.0030395125434028378
train/iterations_per_sec: 14.844724700654172
train/l12_reg: 2.065724584791395
train/loss: 0.010164866788369236
train/mse: 0.007003932749156398
train/psnr: 21.548475939818104
train/tv_reg_l1: 1.3621973280954842
train/tv_reg_l2: 1.8289987703766486
