iterations_per_sec: 42.48648175633657
train/distortion_loss: 0.026763158107195237
train/grad_norm: 0.14840132013113813
train/interlevel_loss: 0.0007116088074528509
train/iterations_per_sec: 42.48648175633657
train/l12_reg: 0.6001351198764763
train/loss: 0.015795613394466914
train/mse: 0.014400416138497267
train/psnr: 18.419572676071013
train/tv_reg_l1: 0.13946999443901908
train/tv_reg_l2: 0.06568251384629144
