lpips: 0.011842440813779831
mse: 0.00015147135127335787
psnr: 38.26962318236697
ssim: 0.9814069867134094
