lpips: 0.014798848889768124
mse: 0.0002673413837328553
psnr: 36.6000161640889
ssim: 0.9786471724510193
