iterations_per_sec: 17.13875866407147
train/distortion_loss: 0.002927689410915429
train/grad_norm: 0.009032667228820348
train/interlevel_loss: 0.0001149352213204368
train/iterations_per_sec: 17.13875866407147
train/l12_reg: 1.9689221117231581
train/loss: 0.00027101990152997047
train/mse: 0.00015315698927757565
train/psnr: 38.18265028674193
train/tv_reg_l1: 1.2062738339106243
train/tv_reg_l2: 1.2927717428014736
