lpips: 0.014072347432374954
mse: 0.0004111587186343968
psnr: 34.066514250310306
ssim: 0.977914571762085
