lpips: 0.010658088140189648
mse: 0.0003256469208281487
psnr: 35.206000587056714
ssim: 0.9817739725112915
