iterations_per_sec: 33.0588755417723
train/distortion_loss: 0.0010032447859306228
train/grad_norm: 0.016237745729434972
train/interlevel_loss: 0.00015377585320190215
train/iterations_per_sec: 33.0588755417723
train/l12_reg: 0.4141474013978785
train/loss: 0.001059679974768913
train/mse: 0.0003415075991528504
train/psnr: 34.70508706449258
train/tv_reg_l1: 0.049715063863932485
train/tv_reg_l2: 0.014924585649913008
