iterations_per_sec: 44.27064866116221
train/distortion_loss: 0.5634839847834423
train/grad_norm: 0.07688300842137048
train/interlevel_loss: 0.0022461650037027972
train/iterations_per_sec: 44.27064866116221
train/l12_reg: 1.010878521986682
train/loss: 0.01605193381846854
train/mse: 0.012983387759463354
train/psnr: 18.8683116026599
train/tv_reg_l1: 0.14177878276266234
train/tv_reg_l2: 0.025889706525086154
