lpips: 0.011645662598311901
mse: 0.00035864036181010306
psnr: 34.6576068555253
ssim: 0.9809178113937378
