lpips: 0.008881285786628723
mse: 0.0002845569106284529
psnr: 35.78780344304813
ssim: 0.9843851327896118
