iterations_per_sec: 38.2212596592957
train/distortion_loss: 0.0010066523776399066
train/grad_norm: 0.014816524724316115
train/interlevel_loss: 0.00013998738333354752
train/iterations_per_sec: 38.2212596592957
train/l12_reg: 0.37604139067909936
train/loss: 0.0009486306114169308
train/mse: 0.0002998993025017865
train/psnr: 35.26460312352036
train/tv_reg_l1: 0.04054626397261716
train/tv_reg_l2: 0.013169587627429553
