iterations_per_sec: 17.226248014028606
train/distortion_loss: 0.2721357381705082
train/grad_norm: 0.20184698460078
train/interlevel_loss: 0.0032572960269383407
train/iterations_per_sec: 17.226248014028606
train/l12_reg: 2.4667776690589056
train/loss: 0.009975491928858589
train/mse: 0.006446060127192977
train/psnr: 21.911670781145194
train/tv_reg_l1: 1.7749968393884523
train/tv_reg_l2: 2.380105719421849
