lpips: 0.012723574414849281
mse: 0.00039387718425132334
psnr: 34.27386120861674
ssim: 0.9790977239608765
