lpips: 0.009543722495436668
mse: 0.0003032445383723825
psnr: 35.50040572228232
ssim: 0.9828952550888062
