iterations_per_sec: 16.838691349936038
train/distortion_loss: 0.0010304790368830465
train/grad_norm: 0.01311700026307142
train/interlevel_loss: 0.0001782251952916873
train/iterations_per_sec: 16.838691349936038
train/l12_reg: 2.4052135486795443
train/loss: 0.0004949617520623813
train/mse: 0.00031570607406496436
train/psnr: 35.04780231822621
train/tv_reg_l1: 1.2703382559496947
train/tv_reg_l2: 1.5020625832104924
