lpips: 0.014636755920946598
mse: 0.00046756304800510406
psnr: 33.36170171809256
ssim: 0.9792114496231079
