lpips: 0.019632451236248016
mse: 0.0010142617393285036
psnr: 30.106236565202188
ssim: 0.9669358730316162
