iterations_per_sec: 17.4367475219827
train/distortion_loss: 0.01598790033033701
train/grad_norm: 0.013289308772808072
train/interlevel_loss: 0.0006048463336709472
train/iterations_per_sec: 17.4367475219827
train/l12_reg: 2.471882639509259
train/loss: 0.0011133754089700453
train/mse: 0.0004925411744301931
train/psnr: 33.110929970789435
train/tv_reg_l1: 2.0154085183384445
train/tv_reg_l2: 2.8558237408146714
