lpips: 0.027921192348003387
mse: 0.0013897413155063987
psnr: 28.778770457903743
ssim: 0.9391318559646606
