lpips: 0.022042518481612206
mse: 0.0007650700863450766
psnr: 31.39327992094843
ssim: 0.9579870104789734
