iterations_per_sec: 56.56307362915378
train/distortion_loss: 0.006688181400261443
train/grad_norm: 0.03266869696101757
train/interlevel_loss: 0.00022679403635339265
train/iterations_per_sec: 56.56307362915378
train/l12_reg: 0.4963648421595795
train/loss: 0.0017468260231926435
train/mse: 0.0008030462042296851
train/psnr: 30.982144827794546
train/tv_reg_l1: 0.06972304212324547
train/tv_reg_l2: 0.021393275227059017
