iterations_per_sec: 27.562291080358417
train/distortion_loss: 0.31814419861995813
train/grad_norm: 0.36413057675265303
train/interlevel_loss: 0.0043947602142438745
train/iterations_per_sec: 27.562291080358417
train/l12_reg: 0.6973421405060123
train/loss: 0.013460605687490015
train/mse: 0.0072182293115842225
train/psnr: 21.42136063238587
train/tv_reg_l1: 0.19338447638232298
train/tv_reg_l2: 0.08321299042665598
