lpips: 0.08226272463798523
mse: 0.0011340574128553271
psnr: 29.681590363538145
ssim: 0.878020703792572
