lpips: 0.08914762735366821
mse: 0.0008360030478797853
psnr: 30.814900556748274
ssim: 0.8744006156921387
