iterations_per_sec: 14.462715685970956
train/distortion_loss: 0.012111607129977208
train/grad_norm: 0.019916195262486888
train/interlevel_loss: 0.0005781713336931937
train/iterations_per_sec: 14.462715685970956
train/l12_reg: 2.1728415874519733
train/loss: 0.0014390574869314076
train/mse: 0.0008487745436294136
train/psnr: 30.73425371959956
train/tv_reg_l1: 1.368445528878106
train/tv_reg_l2: 1.7359611927860914
