iterations_per_sec: 41.54464384818277
train/distortion_loss: 0.12836101606036676
train/grad_norm: 0.10511204344455642
train/interlevel_loss: 0.0009358763310239848
train/iterations_per_sec: 41.54464384818277
train/l12_reg: 0.6415627966023455
train/loss: 0.018785781424605484
train/mse: 0.017304047754015586
train/psnr: 17.62027139374704
train/tv_reg_l1: 0.12886710570316123
train/tv_reg_l2: 0.0417496356548685
