lpips: 0.00836558360606432
mse: 0.00038450618740171194
psnr: 34.40053267250432
ssim: 0.9859856963157654
