lpips: 0.00980347953736782
mse: 0.00046395830577239394
psnr: 33.49519952926871
ssim: 0.9838343858718872
