iterations_per_sec: 46.18723535824142
train/distortion_loss: 0.0010737754008262371
train/grad_norm: 0.0006172229507067853
train/interlevel_loss: 8.229205221398687e-05
train/iterations_per_sec: 46.18723535824142
train/l12_reg: 0.29066177389838477
train/loss: 0.0008925818979288592
train/mse: 0.0004208101702835223
train/psnr: 33.81829587377683
train/tv_reg_l1: 0.02745113412689681
train/tv_reg_l2: 0.00977441216019368
