lpips: 0.02226191945374012
mse: 0.0010064684320241213
psnr: 30.040929207772407
ssim: 0.964245617389679
