lpips: 0.018826354295015335
mse: 0.0006111636757850647
psnr: 32.20236217935934
ssim: 0.9750954508781433
