iterations_per_sec: 38.374383853761515
train/distortion_loss: 0.01259952350848853
train/grad_norm: 0.014041583510021669
train/interlevel_loss: 0.0010365558949280342
train/iterations_per_sec: 38.374383853761515
train/l12_reg: 0.4031141900052928
train/loss: 0.002299378165090927
train/mse: 0.0006463846945523689
train/psnr: 31.920452965630425
train/tv_reg_l1: 0.07984014781135501
train/tv_reg_l2: 0.020072384709210106
