lpips: 0.02033909782767296
mse: 0.0007183470297604799
psnr: 31.681386979372583
ssim: 0.9603942632675171
