lpips: 0.025675510987639427
mse: 0.0013283538864925504
psnr: 28.99779388277617
ssim: 0.9416741728782654
