iterations_per_sec: 55.7625181971444
train/distortion_loss: 0.006771207114474641
train/grad_norm: 0.035277746646015934
train/interlevel_loss: 0.00015924578562562326
train/iterations_per_sec: 55.7625181971444
train/l12_reg: 0.3930428783700924
train/loss: 0.0014739605725150216
train/mse: 0.0007518648947212808
train/psnr: 31.270931436557962
train/tv_reg_l1: 0.04902817579832944
train/tv_reg_l2: 0.01630357728160993
