lpips: 0.013194841332733631
mse: 0.00029493047622963786
psnr: 35.415222414276755
ssim: 0.9734082818031311
