lpips: 0.017060870304703712
mse: 0.0004891681019216776
psnr: 33.45042422816779
ssim: 0.9674919247627258
