iterations_per_sec: 32.244643912000534
train/distortion_loss: 0.0031940057859614944
train/grad_norm: 0.02290549154647372
train/interlevel_loss: 0.0006006665473728619
train/iterations_per_sec: 32.244643912000534
train/l12_reg: 0.533277487513995
train/loss: 0.001718161438328374
train/mse: 0.0003141784500166059
train/psnr: 35.07936473807903
train/tv_reg_l1: 0.08891555486303387
train/tv_reg_l2: 0.026684493786006264
