iterations_per_sec: 40.73036593658017
train/distortion_loss: 0.031161909302075703
train/grad_norm: 0.13322011554482008
train/interlevel_loss: 0.0007397976593406062
train/iterations_per_sec: 40.73036593658017
train/l12_reg: 0.5532834559980065
train/loss: 0.0159738664374207
train/mse: 0.014591356513626648
train/psnr: 18.362308983850962
train/tv_reg_l1: 0.13550203075312606
train/tv_reg_l2: 0.06115504489703612
