lpips: 0.015554181300103664
mse: 0.00033465505111962557
psnr: 34.840556837471006
ssim: 0.968087375164032
