lpips: 0.020019087940454483
mse: 0.0005901340045966208
psnr: 32.64995751375832
ssim: 0.9605520367622375
