iterations_per_sec: 21.816838320847705
train/distortion_loss: 0.003570218681066175
train/grad_norm: 0.0008812281226673436
train/interlevel_loss: 0.0006917172142144556
train/iterations_per_sec: 21.816838320847705
train/l12_reg: 2.326132634673456
train/loss: 0.0010477599600856803
train/mse: 0.0003524725244561624
train/psnr: 34.574522885409266
train/tv_reg_l1: 1.615967642177235
train/tv_reg_l2: 2.2196895161060373
