lpips: 0.022258339449763298
mse: 0.0007667937316000462
psnr: 31.37784411803817
ssim: 0.9577802419662476
