lpips: 0.027870209887623787
mse: 0.0013893750729039311
psnr: 28.788001363144122
ssim: 0.9389923810958862
