iterations_per_sec: 47.40890242634092
train/distortion_loss: 0.006527311892973052
train/grad_norm: 0.03063141725806877
train/interlevel_loss: 0.000233277822832925
train/iterations_per_sec: 47.40890242634092
train/l12_reg: 0.49378304379154936
train/loss: 0.0017443730900383958
train/mse: 0.0007997360080480576
train/psnr: 30.99649007392652
train/tv_reg_l1: 0.0691067815730066
train/tv_reg_l2: 0.021104888200308338
