lpips: 0.024986455217003822
mse: 0.0008563689771108329
psnr: 30.900150712678442
ssim: 0.9549107551574707
