lpips: 0.03139680251479149
mse: 0.0015333050396293402
psnr: 28.360265339820476
ssim: 0.935274064540863
