iterations_per_sec: 40.13071924942002
train/distortion_loss: 0.006796793000904297
train/grad_norm: 0.0011461734127328552
train/interlevel_loss: 0.0002105373001688
train/iterations_per_sec: 40.13071924942002
train/l12_reg: 0.5184037805807711
train/loss: 0.001869275411026496
train/mse: 0.000889852713567741
train/psnr: 30.533254623413086
train/tv_reg_l1: 0.07692521042896039
train/tv_reg_l2: 0.024368481578850985
