lpips: 0.22979706525802612
mse: 0.009743299335241318
psnr: 20.167790784305197
ssim: 0.8050005435943604
