iterations_per_sec: 46.826215844990564
train/distortion_loss: 0.012318116311698851
train/grad_norm: 0.07045324767629306
train/interlevel_loss: 0.0011575860806242234
train/iterations_per_sec: 46.826215844990564
train/l12_reg: 0.8778520208416563
train/loss: 0.0098649025753592
train/mse: 0.008495559661903164
train/psnr: 20.71950403849284
train/tv_reg_l1: 0.10348134886736822
train/tv_reg_l2: 0.019943882193830278
