lpips: 0.2532704770565033
mse: 0.005460151471197605
psnr: 22.734871323864365
ssim: 0.7500029802322388
