iterations_per_sec: 47.40794414590505
train/distortion_loss: 0.022849032975206473
train/grad_norm: 0.08516317067874803
train/interlevel_loss: 0.0010740961750141447
train/iterations_per_sec: 47.40794414590505
train/l12_reg: 1.1696902959033697
train/loss: 0.00601908764472664
train/mse: 0.004718339766817864
train/psnr: 23.274941222836272
train/tv_reg_l1: 0.09634509155846606
train/tv_reg_l2: 0.020380269547905585
