lpips: 0.07813732326030731
mse: 0.0010682326974347234
psnr: 29.909198041453493
ssim: 0.8822532892227173
