lpips: 0.08454043418169022
mse: 0.0007971019367687404
psnr: 31.017126649257424
ssim: 0.8797823190689087
