iterations_per_sec: 17.003878386823878
train/distortion_loss: 0.01134299539556407
train/grad_norm: 0.01766498786199725
train/interlevel_loss: 0.0005285763599194887
train/iterations_per_sec: 17.003878386823878
train/l12_reg: 2.148835533797139
train/loss: 0.001344618879051672
train/mse: 0.0008046995258109286
train/psnr: 30.96682833661937
train/tv_reg_l1: 1.3761145249761717
train/tv_reg_l2: 1.7312551568252872
