lpips: 0.16816988587379456
mse: 0.0053115650080144405
psnr: 22.836012461571762
ssim: 0.806870698928833
