iterations_per_sec: 46.573989940335196
train/distortion_loss: 0.014232309695069839
train/grad_norm: 0.05694346912581511
train/interlevel_loss: 0.0007271031976084818
train/iterations_per_sec: 46.573989940335196
train/l12_reg: 0.9240732217075849
train/loss: 0.005669476619611184
train/mse: 0.004760788927663758
train/psnr: 23.234421527746953
train/tv_reg_l1: 0.09452462979037353
train/tv_reg_l2: 0.016735216978975016
