iterations_per_sec: 36.705843112941075
train/distortion_loss: 0.4812730285856459
train/grad_norm: 0.08346568879605544
train/interlevel_loss: 0.0032893179991103786
train/iterations_per_sec: 36.705843112941075
train/l12_reg: 1.0571624594505387
train/loss: 0.01810945389848767
train/mse: 0.013990687958971418
train/psnr: 18.544271411317766
train/tv_reg_l1: 0.15294198872465076
train/tv_reg_l2: 0.03481748666275631
