iterations_per_sec: 54.501453252717724
train/distortion_loss: 0.13910586319186471
train/grad_norm: 0.3015669108641268
train/interlevel_loss: 0.0016828178536297397
train/iterations_per_sec: 54.501453252717724
train/l12_reg: 0.6573885396273449
train/loss: 0.010024899842612671
train/mse: 0.0068848207545927674
train/psnr: 21.622940159807303
train/tv_reg_l1: 0.13089722078858
train/tv_reg_l2: 0.06607668500657034
