iterations_per_sec: 13.124211840281236
train/distortion_loss: 0.28814011270349676
train/grad_norm: 0.2235948181513584
train/interlevel_loss: 0.003392324693538625
train/iterations_per_sec: 13.124211840281236
train/l12_reg: 2.372334041980782
train/loss: 0.008943393563080316
train/mse: 0.005262928779679116
train/psnr: 22.793182180385397
train/tv_reg_l1: 1.6719989343123003
train/tv_reg_l2: 2.0475593721023713
