iterations_per_sec: 21.283584136392935
train/distortion_loss: 0.08566213948558075
train/grad_norm: 0.1468730459008554
train/interlevel_loss: 0.0014548018337180368
train/iterations_per_sec: 21.283584136392935
train/l12_reg: 0.6828981740306123
train/loss: 0.005546222436194769
train/mse: 0.0028941377414145853
train/psnr: 25.39467667088364
train/tv_reg_l1: 0.1305183166205281
train/tv_reg_l2: 0.04287224695688546
