lpips: 0.10103204101324081
mse: 0.0013396335998550057
psnr: 28.83745682660884
ssim: 0.9141027927398682
