iterations_per_sec: 29.072458784993476
train/distortion_loss: 0.008571493599300433
train/grad_norm: 0.023593588910921656
train/interlevel_loss: 0.0004610517091644608
train/iterations_per_sec: 29.072458784993476
train/l12_reg: 1.2569457304598106
train/loss: 0.0017884387375993861
train/mse: 0.0012153637633103916
train/psnr: 29.165636582808062
train/tv_reg_l1: 0.074340679203019
train/tv_reg_l2: 0.010345177828437753
