lpips: 0.015923582017421722
mse: 0.000509322271682322
psnr: 32.976501631813484
ssim: 0.9776480793952942
