lpips: 0.02148423157632351
mse: 0.001128531526774168
psnr: 29.621375542301912
ssim: 0.9642598032951355
