iterations_per_sec: 18.043514468626277
train/distortion_loss: 0.017780519890213252
train/grad_norm: 0.017062687686635086
train/interlevel_loss: 0.0006482137674042447
train/iterations_per_sec: 18.043514468626277
train/l12_reg: 2.4676484796735974
train/loss: 0.0011996776406474486
train/mse: 0.0005336833530989937
train/psnr: 32.75816094754922
train/tv_reg_l1: 1.9645850899243595
train/tv_reg_l2: 2.63372859569511
