lpips: 0.01318141259253025
mse: 0.0005314282607287169
psnr: 32.85092011215369
ssim: 0.9808927178382874
