lpips: 0.011821320280432701
mse: 0.00046479832963086665
psnr: 33.51627265410744
ssim: 0.9827118515968323
