iterations_per_sec: 49.65122347825563
train/distortion_loss: 0.001214274964906802
train/grad_norm: 0.03698203968580323
train/interlevel_loss: 0.0021550452355483564
train/iterations_per_sec: 49.65122347825563
train/l12_reg: 0.18304909253963317
train/loss: 0.002916548786816573
train/mse: 0.0005015911289838829
train/psnr: 33.05114476367681
train/tv_reg_l1: 0.01874850242577418
train/tv_reg_l2: 0.0075649044739853856
