lpips: 0.1482553631067276
mse: 0.003028207691386342
psnr: 25.336682466566366
ssim: 0.8642836809158325
