iterations_per_sec: 51.10700878107297
train/distortion_loss: 0.006282423401834688
train/grad_norm: 0.028015630790079484
train/interlevel_loss: 0.0008087726950767742
train/iterations_per_sec: 51.10700878107297
train/l12_reg: 0.9049187916697878
train/loss: 0.003706775535123818
train/mse: 0.0027750946600178274
train/psnr: 25.57714325490624
train/tv_reg_l1: 0.07143655622547324
train/tv_reg_l2: 0.011662575905446452
