iterations_per_sec: 21.845492182305513
train/distortion_loss: 0.19489257669810092
train/grad_norm: 0.32906902257842247
train/interlevel_loss: 0.00150397903817433
train/iterations_per_sec: 21.845492182305513
train/l12_reg: 0.7189059076887189
train/loss: 0.008582281889488
train/mse: 0.005510631036201511
train/psnr: 22.59137024542298
train/tv_reg_l1: 0.18399123185210758
train/tv_reg_l2: 0.06538732395027623
