iterations_per_sec: 16.623745287516915
train/distortion_loss: 0.21321775530925904
train/grad_norm: 0.14011105308026978
train/interlevel_loss: 0.002337077964153705
train/iterations_per_sec: 16.623745287516915
train/l12_reg: 2.5268087555663756
train/loss: 0.005292436084474879
train/mse: 0.0027421403680975088
train/psnr: 25.625676068392668
train/tv_reg_l1: 1.8148072307760066
train/tv_reg_l2: 2.6190662432198573
