lpips: 0.007634259294718504
mse: 0.00021681634825654328
psnr: 36.75633202145641
ssim: 0.9804022908210754
