lpips: 0.011076881550252438
mse: 0.00038522519753314555
psnr: 34.5937988962158
ssim: 0.9753263592720032
