iterations_per_sec: 38.66449935899928
train/distortion_loss: 0.0029887051457971937
train/grad_norm: 0.01963766594182211
train/interlevel_loss: 0.0007011774260635403
train/iterations_per_sec: 38.66449935899928
train/l12_reg: 0.5336457105598065
train/loss: 0.001752759180633784
train/mse: 0.00023323099065402693
train/psnr: 36.39376919678968
train/tv_reg_l1: 0.09225437526751046
train/tv_reg_l2: 0.02817162997418582
