lpips: 0.22490598261356354
mse: 0.009776996448636055
psnr: 20.159254710226513
ssim: 0.8049575686454773
