iterations_per_sec: 47.20718332833666
train/distortion_loss: 0.011807100621588303
train/grad_norm: 0.07223050066768522
train/interlevel_loss: 0.0008031092425384982
train/iterations_per_sec: 47.20718332833666
train/l12_reg: 0.9873913544597048
train/loss: 0.009544633451209527
train/mse: 0.00851105698243235
train/psnr: 20.71151396240851
train/tv_reg_l1: 0.11287620197040867
train/tv_reg_l2: 0.021866010295020208
