iterations_per_sec: 37.90118940777346
train/distortion_loss: 0.8109572313048623
train/grad_norm: 0.12014043387590033
train/interlevel_loss: 0.002190374263628113
train/iterations_per_sec: 37.90118940777346
train/l12_reg: 1.5113266212771637
train/loss: 0.023108006257450943
train/mse: 0.019774203216939262
train/psnr: 17.04068653992932
train/tv_reg_l1: 0.1461539992479363
train/tv_reg_l2: 0.033247143406458575
