iterations_per_sec: 15.760188487856349
train/distortion_loss: 0.17398893502023485
train/grad_norm: 0.28560275290951587
train/interlevel_loss: 0.002858118424568363
train/iterations_per_sec: 15.760188487856349
train/l12_reg: 2.3660091053355825
train/loss: 0.009516395101643572
train/mse: 0.006484287692177476
train/psnr: 21.883865664703677
train/tv_reg_l1: 1.8131924578637788
train/tv_reg_l2: 2.86786331070794
