lpips: 0.014682512730360031
mse: 0.00045245818910188973
psnr: 33.83148124450819
ssim: 0.9702538847923279
