lpips: 0.010485160164535046
mse: 0.000249636999797076
psnr: 36.135506171763815
ssim: 0.9769245386123657
