iterations_per_sec: 32.90685516229669
train/distortion_loss: 0.0034309694816292537
train/grad_norm: 0.017028062670218825
train/interlevel_loss: 0.0006026481513423149
train/iterations_per_sec: 32.90685516229669
train/l12_reg: 0.5466513284529099
train/loss: 0.0016967023116056666
train/mse: 0.0002742344397414156
train/psnr: 35.69307701033775
train/tv_reg_l1: 0.08870755715502633
train/tv_reg_l2: 0.02697374395123034
