iterations_per_sec: 37.76723060867346
train/distortion_loss: 0.05655988734779936
train/grad_norm: 0.015001464682170238
train/interlevel_loss: 0.0002044964989769564
train/iterations_per_sec: 37.76723060867346
train/l12_reg: 0.6370734542307227
train/loss: 0.028308797176137115
train/mse: 0.027986706074590636
train/psnr: 15.531511605387987
train/tv_reg_l1: 0.036638953280870364
train/tv_reg_l2: 0.006103472831198061
