iterations_per_sec: 47.28422233640566
train/distortion_loss: 0.28164824391856336
train/grad_norm: 0.48123293994653105
train/interlevel_loss: 0.004891071238112871
train/iterations_per_sec: 47.28422233640566
train/l12_reg: 0.779729486715914
train/loss: 0.03132981485263868
train/mse: 0.024297654083130334
train/psnr: 16.145935925570402
train/tv_reg_l1: 0.23914307340829058
train/tv_reg_l2: 0.10797121654255222
