lpips: 0.14990435540676117
mse: 0.004425799008458853
psnr: 23.66399614668623
ssim: 0.8570773601531982
