iterations_per_sec: 32.6904190748428
train/distortion_loss: 0.007954495211103649
train/grad_norm: 0.08243800421254803
train/interlevel_loss: 0.001348788556031356
train/iterations_per_sec: 32.6904190748428
train/l12_reg: 0.6405315068033006
train/loss: 0.005183289217941388
train/mse: 0.0037167626738811685
train/psnr: 24.317278813834143
train/tv_reg_l1: 0.06361952687453742
train/tv_reg_l2: 0.010978351723440367
