lpips: 0.19099284708499908
mse: 0.005606913007795811
psnr: 22.60667689527094
ssim: 0.7956405878067017
