iterations_per_sec: 51.50731426128767
train/distortion_loss: 0.015495137668995544
train/grad_norm: 0.05998926611636022
train/interlevel_loss: 0.0013418509824803533
train/iterations_per_sec: 51.50731426128767
train/l12_reg: 0.9106796269464974
train/loss: 0.006567706800809111
train/mse: 0.005061038995556759
train/psnr: 22.966566683066013
train/tv_reg_l1: 0.08810579987487407
train/tv_reg_l2: 0.01493217224123502
