lpips: 0.12842339277267456
mse: 0.002858637599274516
psnr: 25.641481843157507
ssim: 0.872519850730896
