iterations_per_sec: 47.958253811862406
train/distortion_loss: 0.005067899413971287
train/grad_norm: 0.025272117598415023
train/interlevel_loss: 0.0003196020087937476
train/iterations_per_sec: 47.958253811862406
train/l12_reg: 0.9669388863775465
train/loss: 0.003068157368236118
train/mse: 0.002611709248293379
train/psnr: 25.839944030299332
train/tv_reg_l1: 0.08327480337836525
train/tv_reg_l2: 0.013177822080600744
