lpips: 0.04340977221727371
mse: 0.001467228285036981
psnr: 28.397147056576465
ssim: 0.9460903406143188
