lpips: 0.06382747739553452
mse: 0.004450674168765545
psnr: 23.836977991013754
ssim: 0.9171355962753296
