iterations_per_sec: 15.995939311709373
train/distortion_loss: 0.0249150288150166
train/grad_norm: 0.03521987780778095
train/interlevel_loss: 0.0009021865888357614
train/iterations_per_sec: 15.995939311709373
train/l12_reg: 2.4084894127315946
train/loss: 0.0024698773667103414
train/mse: 0.0015427757365008195
train/psnr: 28.146933680832987
train/tv_reg_l1: 1.8108077374371616
train/tv_reg_l2: 2.3410620761640146
