lpips: 0.05405405908823013
mse: 0.0032287731301039457
psnr: 25.14808930210897
ssim: 0.9275772571563721
