lpips: 0.04369485750794411
mse: 0.001575669040903449
psnr: 28.09769363980874
ssim: 0.9452645182609558
