iterations_per_sec: 32.74747711976508
train/distortion_loss: 0.01121633020088528
train/grad_norm: 0.04503051806805712
train/interlevel_loss: 0.0004998147834534522
train/iterations_per_sec: 32.74747711976508
train/l12_reg: 0.5564734893615799
train/loss: 0.003061090497243585
train/mse: 0.0016561476043378464
train/psnr: 27.829853019329033
train/tv_reg_l1: 0.11855218755175369
train/tv_reg_l2: 0.03374382842219237
