iterations_per_sec: 20.54481776808271
train/distortion_loss: 0.09356830005693917
train/grad_norm: 0.2804757221178575
train/interlevel_loss: 0.001542403826000865
train/iterations_per_sec: 20.54481776808271
train/l12_reg: 0.5172399679819742
train/loss: 0.00569816819401552
train/mse: 0.0031909881150255903
train/psnr: 24.96839105240022
train/tv_reg_l1: 0.09963712690755575
train/tv_reg_l2: 0.03539679233323444
