lpips: 0.008726144209504128
mse: 0.00040362108848057687
psnr: 34.17831760092731
ssim: 0.9851621389389038
