lpips: 0.009933564811944962
mse: 0.00046722948900423944
psnr: 33.422449624606024
ssim: 0.9834099411964417
