iterations_per_sec: 66.43699882296968
train/distortion_loss: 0.0011011647975373298
train/grad_norm: 0.0006619276325430044
train/interlevel_loss: 7.450407796605217e-05
train/iterations_per_sec: 66.43699882296968
train/l12_reg: 0.27216132391582837
train/loss: 0.0008701632720079612
train/mse: 0.00043299063249970925
train/psnr: 33.68638861299765
train/tv_reg_l1: 0.024761145501726804
train/tv_reg_l2: 0.008940604872851058
