lpips: 0.024508878588676453
mse: 0.0013057738542556763
psnr: 29.091550292149506
ssim: 0.9435174465179443
