lpips: 0.018403254449367523
mse: 0.0006483814213424921
psnr: 32.12149385518526
ssim: 0.9637157320976257
