iterations_per_sec: 38.61997175888649
train/distortion_loss: 0.00651641260606773
train/grad_norm: 0.02699209386576908
train/interlevel_loss: 0.00022254638521428775
train/iterations_per_sec: 38.61997175888649
train/l12_reg: 0.4740633555132933
train/loss: 0.001589147177656567
train/mse: 0.0006819304338693995
train/psnr: 31.695784501355103
train/tv_reg_l1: 0.065316956828941
train/tv_reg_l2: 0.020409056314765806
