lpips: 0.014353983104228973
mse: 0.0002513444342184812
psnr: 36.721574952499566
ssim: 0.9797143340110779
