lpips: 0.012414200231432915
mse: 0.00015400083793792874
psnr: 38.1974782017208
ssim: 0.9817207455635071
