iterations_per_sec: 54.98411856547879
train/distortion_loss: 0.002237516888088048
train/grad_norm: 0.0004184933486888467
train/interlevel_loss: 8.574186873062504e-05
train/iterations_per_sec: 54.98411856547879
train/l12_reg: 0.32329966443957703
train/loss: 0.0006361353114680058
train/mse: 0.00015875702273192337
train/psnr: 38.02961468937421
train/tv_reg_l1: 0.02583994268618449
train/tv_reg_l2: 0.006609922176170529
