iterations_per_sec: 52.41897694533463
train/distortion_loss: 0.23720497555202907
train/grad_norm: 0.31802612272175873
train/interlevel_loss: 0.002266051181864859
train/iterations_per_sec: 52.41897694533463
train/l12_reg: 0.7658574460732817
train/loss: 0.01294221869208897
train/mse: 0.00889438239274302
train/psnr: 20.512165609032216
train/tv_reg_l1: 0.20223224102848708
train/tv_reg_l2: 0.07787228533715913
