iterations_per_sec: 18.21051585818145
train/distortion_loss: 0.3274001891564841
train/grad_norm: 0.17815912627812588
train/interlevel_loss: 0.0016633096066388216
train/iterations_per_sec: 18.21051585818145
train/l12_reg: 2.3660872705055005
train/loss: 0.0051280917326985585
train/mse: 0.0031373819284554985
train/psnr: 25.043916394012143
train/tv_reg_l1: 1.6275574414416998
train/tv_reg_l2: 2.0702473370715824
