lpips: 0.14410509169101715
mse: 0.0030183731578290462
psnr: 25.211689614534972
ssim: 0.9146829843521118
