iterations_per_sec: 46.54828697608605
train/distortion_loss: 0.0047376493199004065
train/grad_norm: 0.08085502432000757
train/interlevel_loss: 0.0008218411921824545
train/iterations_per_sec: 46.54828697608605
train/l12_reg: 0.5836752412295101
train/loss: 0.003914934547730919
train/mse: 0.00291384574769046
train/psnr: 25.379330124517885
train/tv_reg_l1: 0.09039805603749825
train/tv_reg_l2: 0.017450995555128714
