lpips: 0.02121422253549099
mse: 0.0007055737660266459
psnr: 31.744416226628637
ssim: 0.9604674577713013
