lpips: 0.027637148275971413
mse: 0.0013884902000427246
psnr: 28.811732376375026
ssim: 0.9396874308586121
