iterations_per_sec: 53.997842514596236
train/distortion_loss: 0.006488750524103942
train/grad_norm: 0.0010568177053526119
train/interlevel_loss: 0.0002360844799738396
train/iterations_per_sec: 53.997842514596236
train/l12_reg: 0.4645221398936378
train/loss: 0.0016810174683353515
train/mse: 0.0007491125431231628
train/psnr: 31.286165507152827
train/tv_reg_l1: 0.06357754270235698
train/tv_reg_l2: 0.02248095555437936
