lpips: 0.1069476529955864
mse: 0.002360910177230835
psnr: 26.292463002864007
ssim: 0.9282995462417603
