iterations_per_sec: 48.052549732907146
train/distortion_loss: 0.005639430450633018
train/grad_norm: 0.058111412300154416
train/interlevel_loss: 0.00025027129205879803
train/iterations_per_sec: 48.052549732907146
train/l12_reg: 0.8674213302255881
train/loss: 0.002688770074246809
train/mse: 0.0022563259199619144
train/psnr: 26.4953253389609
train/tv_reg_l1: 0.10293466116141792
train/tv_reg_l2: 0.01765334346529209
