lpips: 0.0073966397903859615
mse: 0.00035548859159462154
psnr: 34.7381513255269
ssim: 0.9870073199272156
