lpips: 0.008782210759818554
mse: 0.00044065146357752383
psnr: 33.712399670785196
ssim: 0.9848864674568176
