iterations_per_sec: 35.40524709736459
train/distortion_loss: 0.001122614638668231
train/grad_norm: 0.03464220112396611
train/interlevel_loss: 9.010386646776978e-05
train/iterations_per_sec: 35.40524709736459
train/l12_reg: 0.265774973414161
train/loss: 0.000831623341784709
train/mse: 0.0003890936019491743
train/psnr: 34.15779722579802
train/tv_reg_l1: 0.02319848861056145
train/tv_reg_l2: 0.008552825482882033
