iterations_per_sec: 39.28260170374181
train/distortion_loss: 0.2589524337137588
train/grad_norm: 0.07079479410642325
train/interlevel_loss: 0.0020771688156093313
train/iterations_per_sec: 39.28260170374181
train/l12_reg: 0.955792289189618
train/loss: 0.012277546338737011
train/mse: 0.00968397550774042
train/psnr: 20.143269047592625
train/tv_reg_l1: 0.13062211600216952
train/tv_reg_l2: 0.025744968046895182
