lpips: 0.13474255800247192
mse: 0.005275427829474211
psnr: 22.824196728496204
ssim: 0.8737217783927917
