iterations_per_sec: 51.14284976002182
train/distortion_loss: 0.011966054722892515
train/grad_norm: 0.0353062463115261
train/interlevel_loss: 0.0004668906786728349
train/iterations_per_sec: 51.14284976002182
train/l12_reg: 0.7690422655356051
train/loss: 0.005152050744403492
train/mse: 0.00450767944049504
train/psnr: 23.470674110181402
train/tv_reg_l1: 0.09989338059618015
train/tv_reg_l2: 0.01655145523825077
