lpips: 0.04030955955386162
mse: 0.0014066651929169893
psnr: 28.59272528037142
ssim: 0.9487842321395874
