lpips: 0.052555542439222336
mse: 0.0034576780162751675
psnr: 24.913536760587675
ssim: 0.9278079271316528
