iterations_per_sec: 34.74376333220914
train/distortion_loss: 0.017856060527265072
train/grad_norm: 0.03734521964809509
train/interlevel_loss: 0.0006858584073588553
train/iterations_per_sec: 34.74376333220914
train/l12_reg: 0.5634410188655661
train/loss: 0.0031069236163125194
train/mse: 0.001494086428658303
train/psnr: 28.27949780165547
train/tv_reg_l1: 0.12607771955957317
train/tv_reg_l2: 0.03456816788424145
