lpips: 0.027574988082051277
mse: 0.0008971308707259595
psnr: 30.542802023106304
ssim: 0.9666067361831665
