lpips: 0.03141806274652481
mse: 0.0012069104705005884
psnr: 29.228782195673624
ssim: 0.9568158984184265
