iterations_per_sec: 30.989042894468685
train/distortion_loss: 0.004832701635255356
train/grad_norm: 0.016161522978559287
train/interlevel_loss: 0.00219381373432098
train/iterations_per_sec: 30.989042894468685
train/l12_reg: 0.25655294729001593
train/loss: 0.003521595566505284
train/mse: 0.0009338926850827505
train/psnr: 30.326169948385218
train/tv_reg_l1: 0.035493474867608815
train/tv_reg_l2: 0.013250349277649263
