lpips: 0.008849270641803741
mse: 0.00023119329125620425
psnr: 36.444713069346
ssim: 0.9781389832496643
