lpips: 0.01282831747084856
mse: 0.0004401979094836861
psnr: 34.05583441423348
ssim: 0.9723598957061768
