iterations_per_sec: 16.05785481295545
train/distortion_loss: 0.003376321109820797
train/grad_norm: 0.016455223073599614
train/interlevel_loss: 0.0007536556863348291
train/iterations_per_sec: 16.05785481295545
train/l12_reg: 2.3071736855940386
train/loss: 0.0010088190837349328
train/mse: 0.0002517870704071935
train/psnr: 36.04942063610963
train/tv_reg_l1: 1.3954204549693099
train/tv_reg_l2: 1.9784186958062528
