lpips: 0.13563279807567596
mse: 0.005290367640554905
psnr: 22.82585496291811
ssim: 0.874070405960083
