iterations_per_sec: 47.960765166379176
train/distortion_loss: 0.009167077574841302
train/grad_norm: 0.03461812683051885
train/interlevel_loss: 0.0003866494240502667
train/iterations_per_sec: 47.960765166379176
train/l12_reg: 0.7455057044221898
train/loss: 0.005070957345793946
train/mse: 0.004522833714468611
train/psnr: 23.45559599905303
train/tv_reg_l1: 0.0864306961496671
train/tv_reg_l2: 0.015230713835494085
