lpips: 0.013234252110123634
mse: 0.0002881080727092922
psnr: 35.51019608542445
ssim: 0.9734396934509277
