lpips: 0.018108736723661423
mse: 0.0005296120652928948
psnr: 33.16260137696704
ssim: 0.9657948017120361
