iterations_per_sec: 54.46209999686276
train/distortion_loss: 0.0038348105642003845
train/grad_norm: 0.0006648335644664863
train/interlevel_loss: 0.0005696841522656156
train/iterations_per_sec: 54.46209999686276
train/l12_reg: 0.5678445528251956
train/loss: 0.0017507439232290242
train/mse: 0.0003195583454046323
train/psnr: 35.022346804840396
train/tv_reg_l1: 0.09414285316009714
train/tv_reg_l2: 0.028982203510223015
