iterations_per_sec: 30.540575029057372
train/distortion_loss: 0.10395732582217515
train/grad_norm: 0.4060910282411961
train/interlevel_loss: 0.0018418944708890085
train/iterations_per_sec: 30.540575029057372
train/l12_reg: 0.8098257551289568
train/loss: 0.008102366465586002
train/mse: 0.004706537416863321
train/psnr: 23.276772527983695
train/tv_reg_l1: 0.19743824531935683
train/tv_reg_l2: 0.06401512779370704
