lpips: 0.07861419022083282
mse: 0.0009792194468900561
psnr: 30.253434318024887
ssim: 0.8886277675628662
