lpips: 0.08487508445978165
mse: 0.0007414259598590434
psnr: 31.33225248739464
ssim: 0.8863379955291748
