iterations_per_sec: 38.52896777259052
train/distortion_loss: 0.011450058385504015
train/grad_norm: 0.020171256162075685
train/interlevel_loss: 0.0003805221029030479
train/iterations_per_sec: 38.52896777259052
train/l12_reg: 0.6149081485440032
train/loss: 0.002028593363127474
train/mse: 0.0007647479204649125
train/psnr: 31.192298465304905
train/tv_reg_l1: 0.0991094515028626
train/tv_reg_l2: 0.025696513666348023
