iterations_per_sec: 41.10436500935825
train/distortion_loss: 0.17212345639262536
train/grad_norm: 0.332238733166396
train/interlevel_loss: 0.0018593676498799463
train/iterations_per_sec: 41.10436500935825
train/l12_reg: 0.8030204321398879
train/loss: 0.009550631262663038
train/mse: 0.005966634992886372
train/psnr: 22.245524801389134
train/tv_reg_l1: 0.21314769351121152
train/tv_reg_l2: 0.07494848357005553
