lpips: 0.023500997573137283
mse: 0.0012501224409788847
psnr: 29.286434844474147
ssim: 0.9451988339424133
