lpips: 0.017754215747117996
mse: 0.0006272951723076403
psnr: 32.256714263654956
ssim: 0.9650100469589233
