iterations_per_sec: 37.00425017419416
train/distortion_loss: 0.006545837968587875
train/grad_norm: 0.03547647966053149
train/interlevel_loss: 0.00023097542909472578
train/iterations_per_sec: 37.00425017419416
train/l12_reg: 0.4303568887590158
train/loss: 0.0015066793186100896
train/mse: 0.0006622895516097696
train/psnr: 31.821684057062324
train/tv_reg_l1: 0.05733932757919485
train/tv_reg_l2: 0.01765115988073927
