lpips: 0.01653689332306385
mse: 0.0005162387969903648
psnr: 33.23664693647055
ssim: 0.9661977887153625
