lpips: 0.011899982579052448
mse: 0.0002826024137903005
psnr: 35.597906568036564
ssim: 0.9735532999038696
