iterations_per_sec: 17.839441191150804
train/distortion_loss: 0.003706819177934467
train/grad_norm: 0.01608949155556132
train/interlevel_loss: 0.0007576675494107408
train/iterations_per_sec: 17.839441191150804
train/l12_reg: 2.3794187704722085
train/loss: 0.0010612755278925025
train/mse: 0.00029990116294210007
train/psnr: 35.27508695197828
train/tv_reg_l1: 1.484360569655293
train/tv_reg_l2: 1.9220003889064596
