iterations_per_sec: 43.52061719106948
train/distortion_loss: 0.16917234027024472
train/grad_norm: 0.23771560854381985
train/interlevel_loss: 0.0014822857332124253
train/iterations_per_sec: 43.52061719106948
train/l12_reg: 0.7623228659533491
train/loss: 0.0062134784477000885
train/mse: 0.0032003433796379604
train/psnr: 24.95354839286419
train/tv_reg_l1: 0.19104201293954945
train/tv_reg_l2: 0.05993540735557826
