iterations_per_sec: 37.63711760585788
train/distortion_loss: 0.07927237330663084
train/grad_norm: 0.14262696656614843
train/interlevel_loss: 0.0012767895776308095
train/iterations_per_sec: 37.63711760585788
train/l12_reg: 0.6885848382506707
train/loss: 0.005196092377482641
train/mse: 0.0027083901975379146
train/psnr: 25.681959730206113
train/tv_reg_l1: 0.13526849749714437
train/tv_reg_l2: 0.044305539229000455
