lpips: 0.02117248810827732
mse: 0.0006187163526192307
psnr: 32.30557446374654
ssim: 0.9617666006088257
