lpips: 0.03828730061650276
mse: 0.0023297336883842945
psnr: 26.869281039353254
ssim: 0.9277356863021851
