iterations_per_sec: 16.036554957984986
train/distortion_loss: 0.015554634016947915
train/grad_norm: 0.03006965209814635
train/interlevel_loss: 0.0004446872438285312
train/iterations_per_sec: 16.036554957984986
train/l12_reg: 2.558454506324999
train/loss: 0.0011071177743930331
train/mse: 0.0006468758969497161
train/psnr: 31.927154329087998
train/tv_reg_l1: 1.972081144650777
train/tv_reg_l2: 3.1462992562188044
