lpips: 0.14300906658172607
mse: 0.0029795509763062
psnr: 25.451709593551833
ssim: 0.8670183420181274
