iterations_per_sec: 47.87370253845889
train/distortion_loss: 0.006211013410880108
train/grad_norm: 0.028911848016309017
train/interlevel_loss: 0.0010261716746790992
train/iterations_per_sec: 47.87370253845889
train/l12_reg: 0.824502929292544
train/loss: 0.0038792848413001105
train/mse: 0.002730926207144453
train/psnr: 25.648513851743758
train/tv_reg_l1: 0.07174804987329425
train/tv_reg_l2: 0.01159759597721124
