iterations_per_sec: 12.381328163750382
train/distortion_loss: 0.3115509074143689
train/grad_norm: 0.16363971627721882
train/interlevel_loss: 0.0015029446457070533
train/iterations_per_sec: 12.381328163750382
train/l12_reg: 2.248890373441908
train/loss: 0.005480881093653163
train/mse: 0.003666385512027626
train/psnr: 24.361605403399228
train/tv_reg_l1: 1.5738823594469014
train/tv_reg_l2: 1.8720888934954247
