lpips: 0.009209707379341125
mse: 0.00030061733559705317
psnr: 35.53714578066526
ssim: 0.9832082986831665
