lpips: 0.011761498637497425
mse: 0.0003791924682445824
psnr: 34.427518866960455
ssim: 0.9798322319984436
