iterations_per_sec: 16.834219003552356
train/distortion_loss: 0.0009212778543705365
train/grad_norm: 0.013544468698326987
train/interlevel_loss: 0.00015108801524161896
train/iterations_per_sec: 16.834219003552356
train/l12_reg: 2.3498625321821733
train/loss: 0.00046308545279316604
train/mse: 0.0003110761579297803
train/psnr: 35.10610715307371
train/tv_reg_l1: 1.2462795467087717
train/tv_reg_l2: 1.4790152130704937
