lpips: 0.017195528373122215
mse: 0.0006132200942374766
psnr: 32.35989229572889
ssim: 0.965484619140625
