lpips: 0.0231150034815073
mse: 0.0012357978848740458
psnr: 29.33462039410494
ssim: 0.9459697008132935
