iterations_per_sec: 34.24771212087816
train/distortion_loss: 0.006559329817654809
train/grad_norm: 0.027707428285720374
train/interlevel_loss: 0.00015592922114372027
train/iterations_per_sec: 34.24771212087816
train/l12_reg: 0.385012830447669
train/loss: 0.001360396357168528
train/mse: 0.0006507268769906439
train/psnr: 31.89789766253847
train/tv_reg_l1: 0.047711167559780256
train/tv_reg_l2: 0.01621680904292699
