iterations_per_sec: 16.319487538471364
train/distortion_loss: 0.03805896914517037
train/grad_norm: 0.09101535082615987
train/interlevel_loss: 0.0007641615170863165
train/iterations_per_sec: 16.319487538471364
train/l12_reg: 2.1201090836765792
train/loss: 0.0013239826334433423
train/mse: 0.0005217621386911945
train/psnr: 32.84224585330848
train/tv_reg_l1: 1.4771351742021965
train/tv_reg_l2: 1.7540512470283893
