iterations_per_sec: 29.183837791714836
train/distortion_loss: 0.17837934527132246
train/grad_norm: 0.16405860590513308
train/interlevel_loss: 0.0012325613484294577
train/iterations_per_sec: 29.183837791714836
train/l12_reg: 0.6899284250808485
train/loss: 0.0052930033916250025
train/mse: 0.002736710291826213
train/psnr: 25.636954779576772
train/tv_reg_l1: 0.14532901181115043
train/tv_reg_l2: 0.045542398599362134
