iterations_per_sec: 18.209105061746072
train/distortion_loss: 0.23602124566983695
train/grad_norm: 0.4019237552026306
train/interlevel_loss: 0.002605887802524699
train/iterations_per_sec: 18.209105061746072
train/l12_reg: 0.7396641951618772
train/loss: 0.011864012746949388
train/mse: 0.00753317673624766
train/psnr: 21.23491306497593
train/tv_reg_l1: 0.19455065781419928
train/tv_reg_l2: 0.07492629483793721
