iterations_per_sec: 38.39004958898751
train/distortion_loss: 0.560998979843024
train/grad_norm: 0.07922797175970944
train/interlevel_loss: 0.0023554896376086305
train/iterations_per_sec: 38.39004958898751
train/l12_reg: 1.0436405148169008
train/loss: 0.016473870780883415
train/mse: 0.013283315406303214
train/psnr: 18.769877366345337
train/tv_reg_l1: 0.14213213309495135
train/tv_reg_l2: 0.027406664584020173
