lpips: 0.03462619706988335
mse: 0.0014805446844547987
psnr: 28.377914765780194
ssim: 0.9522255659103394
