lpips: 0.029665403068065643
mse: 0.00088222831254825
psnr: 30.609656450255653
ssim: 0.9652591943740845
