iterations_per_sec: 31.748894416799367
train/distortion_loss: 0.01731111366076
train/grad_norm: 0.01808990521187132
train/interlevel_loss: 0.0030657900803054525
train/iterations_per_sec: 31.748894416799367
train/l12_reg: 0.3453262954047232
train/loss: 0.004533247547130091
train/mse: 0.0009223201489687492
train/psnr: 30.381702288232667
train/tv_reg_l1: 0.07788865117713659
train/tv_reg_l2: 0.018249987427032356
