iterations_per_sec: 16.76021461723242
train/distortion_loss: 0.14938196404413742
train/grad_norm: 0.21227753960122966
train/interlevel_loss: 0.0027504137086898387
train/iterations_per_sec: 16.76021461723242
train/l12_reg: 2.314698510699802
train/loss: 0.006691131237518005
train/mse: 0.0037913355303721297
train/psnr: 24.21783437632551
train/tv_reg_l1: 1.7268978706513993
train/tv_reg_l2: 2.369240806560324
