lpips: 0.011357694864273071
mse: 0.00036694013397209346
psnr: 34.548815099171634
ssim: 0.9804606437683105
