lpips: 0.008936705999076366
mse: 0.0002923619467765093
psnr: 35.63763933428036
ssim: 0.9837439656257629
