iterations_per_sec: 16.553865652610803
train/distortion_loss: 0.0010071670186160265
train/grad_norm: 0.01258606200736731
train/interlevel_loss: 0.00015407118424796734
train/iterations_per_sec: 16.553865652610803
train/l12_reg: 2.1262269020080566
train/loss: 0.0004587372376306001
train/mse: 0.0003036588849029457
train/psnr: 35.209719147345034
train/tv_reg_l1: 1.2786015777876882
train/tv_reg_l2: 1.484463672445278
