iterations_per_sec: 52.6433832612507
train/distortion_loss: 0.2932163913442631
train/grad_norm: 0.22027300253058923
train/interlevel_loss: 0.0018244503028314522
train/iterations_per_sec: 52.6433832612507
train/l12_reg: 0.8414611051781009
train/loss: 0.009519762387781433
train/mse: 0.00580319401460013
train/psnr: 22.36811741915616
train/tv_reg_l1: 0.23206256796615293
train/tv_reg_l2: 0.07574404776096344
