lpips: 0.1289936751127243
mse: 0.005227235611528158
psnr: 22.873407662749763
ssim: 0.8750941753387451
