iterations_per_sec: 51.66677172989578
train/distortion_loss: 0.013195867415028388
train/grad_norm: 0.034420146522196854
train/interlevel_loss: 0.00035483492250234415
train/iterations_per_sec: 51.66677172989578
train/l12_reg: 0.7530155916406651
train/loss: 0.004973973434493698
train/mse: 0.004443053981627931
train/psnr: 23.53226933334813
train/tv_reg_l1: 0.09668312537850755
train/tv_reg_l2: 0.01628886844323139
