lpips: 0.017628593370318413
mse: 0.00029287554207257926
psnr: 36.1626056742805
ssim: 0.9773213267326355
