lpips: 0.014826638624072075
mse: 0.0001706646871753037
psnr: 37.741571711244674
ssim: 0.9796088933944702
