iterations_per_sec: 27.30163403191898
train/distortion_loss: 0.0032791772203501126
train/grad_norm: 0.010406654292830464
train/interlevel_loss: 0.0001196097300359697
train/iterations_per_sec: 27.30163403191898
train/l12_reg: 0.43122537569566205
train/loss: 0.0008274439682318557
train/mse: 0.00017711677414487408
train/psnr: 37.54977713690864
train/tv_reg_l1: 0.04491608928550373
train/tv_reg_l2: 0.009621289944407916
