lpips: 0.014621308073401451
mse: 0.00026247126515954733
psnr: 36.54715528759319
ssim: 0.9781249165534973
