lpips: 0.012287233956158161
mse: 0.00015823368448764086
psnr: 38.08365416135344
ssim: 0.9806475639343262
