iterations_per_sec: 16.460331438521152
train/distortion_loss: 0.002625222190875899
train/grad_norm: 0.00878588030716837
train/interlevel_loss: 0.00013724425515087058
train/iterations_per_sec: 16.460331438521152
train/l12_reg: 2.0880747901068792
train/loss: 0.0003014571230971452
train/mse: 0.00016158764327598755
train/psnr: 37.95119418519916
train/tv_reg_l1: 1.1604510353069113
train/tv_reg_l2: 1.198165856226526
