lpips: 0.0445600263774395
mse: 0.001651073689572513
psnr: 27.903603589978225
ssim: 0.9447575211524963
