lpips: 0.052153609693050385
mse: 0.003169099800288677
psnr: 25.246261184642826
ssim: 0.9291859269142151
