iterations_per_sec: 34.54610599374779
train/distortion_loss: 0.005307404630149555
train/grad_norm: 0.001519016621662586
train/interlevel_loss: 0.00028195845611708595
train/iterations_per_sec: 34.54610599374779
train/l12_reg: 0.5222231384479639
train/loss: 0.002866622462699359
train/mse: 0.0017365666301544717
train/psnr: 27.623854877972843
train/tv_reg_l1: 0.09260942109606483
train/tv_reg_l2: 0.032056686289683736
