iterations_per_sec: 49.979209535367815
train/distortion_loss: 0.10144183980395095
train/grad_norm: 0.372191871657516
train/interlevel_loss: 0.0017936884665466619
train/iterations_per_sec: 49.979209535367815
train/l12_reg: 0.802024169401689
train/loss: 0.008637082838274614
train/mse: 0.005315098497602675
train/psnr: 22.74838050688156
train/tv_reg_l1: 0.1890574001302623
train/tv_reg_l2: 0.06248297696613302
