lpips: 0.05251375585794449
mse: 0.0033706447575241327
psnr: 24.990919911885175
ssim: 0.9297823905944824
