lpips: 0.04297897219657898
mse: 0.001564066857099533
psnr: 28.128315829147297
ssim: 0.9466443657875061
