iterations_per_sec: 49.62731708578341
train/distortion_loss: 0.007814721698223642
train/grad_norm: 0.04002715588895359
train/interlevel_loss: 0.0004198686828286472
train/iterations_per_sec: 49.62731708578341
train/l12_reg: 0.5173771549956967
train/loss: 0.002888702488777162
train/mse: 0.001640734403873935
train/psnr: 27.87233957618174
train/tv_reg_l1: 0.09661523583862516
train/tv_reg_l2: 0.03029074811498926
