lpips: 0.013977069407701492
mse: 0.000432283355621621
psnr: 34.088859494467464
ssim: 0.9721553325653076
