lpips: 0.009253894910216331
mse: 0.00023609619529452175
psnr: 36.35475061103377
ssim: 0.9779995679855347
