iterations_per_sec: 16.890987916923063
train/distortion_loss: 0.0032254361848563255
train/grad_norm: 0.020423302854966335
train/interlevel_loss: 0.0007703656241335351
train/iterations_per_sec: 16.890987916923063
train/l12_reg: 2.3366303371660635
train/loss: 0.001027955546636473
train/mse: 0.0002543644853479539
train/psnr: 36.00732699307528
train/tv_reg_l1: 1.407071165364198
train/tv_reg_l2: 2.012361678210172
