iterations_per_sec: 42.92847637019478
train/distortion_loss: 0.12872718906763828
train/grad_norm: 0.1390814958046181
train/interlevel_loss: 0.0011151256063256902
train/iterations_per_sec: 42.92847637019478
train/l12_reg: 0.7611372007264031
train/loss: 0.024206797319530238
train/mse: 0.022483452307907017
train/psnr: 16.48281380624482
train/tv_reg_l1: 0.13803169643036042
train/tv_reg_l2: 0.04794921052425799
