lpips: 0.1337660551071167
mse: 0.002882198663428426
psnr: 25.605805843034013
ssim: 0.8704069256782532
