iterations_per_sec: 47.6664579994583
train/distortion_loss: 0.005259399645670195
train/grad_norm: 0.02812605072753598
train/interlevel_loss: 0.0006736597449593999
train/iterations_per_sec: 47.6664579994583
train/l12_reg: 0.8180367741921936
train/loss: 0.0034627229154034697
train/mse: 0.002660265312332547
train/psnr: 25.761731234463777
train/tv_reg_l1: 0.07451287461350663
train/tv_reg_l2: 0.012353846370571792
