lpips: 0.008954150602221489
mse: 0.0004063642700202763
psnr: 34.13215906757752
ssim: 0.9850354194641113
