lpips: 0.010315031744539738
mse: 0.00047786245704628527
psnr: 33.32916441233685
ssim: 0.9831605553627014
