iterations_per_sec: 55.17959843520576
train/distortion_loss: 0.001123826596838883
train/grad_norm: 0.04164971149705275
train/interlevel_loss: 0.00013296594959389738
train/iterations_per_sec: 55.17959843520576
train/l12_reg: 0.26897508568233913
train/loss: 0.0009267052601449041
train/mse: 0.0004354122252382263
train/psnr: 33.66485289371375
train/tv_reg_l1: 0.024961594059461294
train/tv_reg_l2: 0.008822816094816333
