lpips: 0.010932257398962975
mse: 0.0005068228929303586
psnr: 33.11949825764776
ssim: 0.982378363609314
