lpips: 0.00897926650941372
mse: 0.0003636403998825699
psnr: 34.60767279156946
ssim: 0.9853008985519409
