iterations_per_sec: 15.849435769374738
train/distortion_loss: 0.0036697449971630114
train/grad_norm: 0.0335585174122543
train/interlevel_loss: 0.00013686458201258152
train/iterations_per_sec: 15.849435769374738
train/l12_reg: 2.0711852107385194
train/loss: 0.0005296826685397801
train/mse: 0.00038914834155061404
train/psnr: 34.1452821288446
train/tv_reg_l1: 1.481868649974014
train/tv_reg_l2: 1.7025700024884156
