lpips: 0.01059762854129076
mse: 0.000467222707811743
psnr: 33.46309121613442
ssim: 0.9830325245857239
