lpips: 0.008713322691619396
mse: 0.00036124922917224467
psnr: 34.66857568255247
ssim: 0.9856385588645935
