iterations_per_sec: 17.950526675346094
train/distortion_loss: 0.002526159576996408
train/grad_norm: 0.031524541571435305
train/interlevel_loss: 9.126017510131321e-05
train/iterations_per_sec: 17.950526675346094
train/l12_reg: 2.07125597770768
train/loss: 0.0004868114248360272
train/mse: 0.00039302508700686046
train/psnr: 34.10329826432045
train/tv_reg_l1: 1.3732053727814646
train/tv_reg_l2: 1.4923427213322034
