lpips: 0.014109804295003414
mse: 0.0006413412047550082
psnr: 31.999182675573735
ssim: 0.9743484258651733
