lpips: 0.011841069906949997
mse: 0.00043162473593838513
psnr: 33.72846157243407
ssim: 0.9816305637359619
