iterations_per_sec: 41.33584265133135
train/distortion_loss: 0.004144649905613577
train/grad_norm: 0.013259350082300829
train/interlevel_loss: 0.0003033790947878827
train/iterations_per_sec: 41.33584265133135
train/l12_reg: 0.3638854905812427
train/loss: 0.0013111801723940204
train/mse: 0.00046034381140465613
train/psnr: 33.403211246837266
train/tv_reg_l1: 0.05283407317568557
train/tv_reg_l2: 0.01794271172974447
