lpips: 0.009022117592394352
mse: 0.00028479736647568643
psnr: 35.796123731694884
ssim: 0.9840772151947021
