lpips: 0.011712643317878246
mse: 0.0003597358299884945
psnr: 34.6535214181065
ssim: 0.9805935621261597
