iterations_per_sec: 41.311732066238555
train/distortion_loss: 0.0010630809155179922
train/grad_norm: 0.015352229281996537
train/interlevel_loss: 0.00015216848164481685
train/iterations_per_sec: 41.311732066238555
train/l12_reg: 0.40325451830420833
train/loss: 0.0009954131415320768
train/mse: 0.00030029742526374944
train/psnr: 35.258243676387906
train/tv_reg_l1: 0.045303085310892624
train/tv_reg_l2: 0.013862962298321001
