iterations_per_sec: 44.19032994419313
train/distortion_loss: 0.17367466968117337
train/grad_norm: 0.17040700668638403
train/interlevel_loss: 0.004663372346472861
train/iterations_per_sec: 44.19032994419313
train/l12_reg: 0.6317755429431645
train/loss: 0.008839801226676715
train/mse: 0.002921724456804569
train/psnr: 25.352288872304587
train/tv_reg_l1: 0.12612362913411074
train/tv_reg_l2: 0.04492541639642282
