iterations_per_sec: 40.36470863358259
train/distortion_loss: 0.5497386485639245
train/grad_norm: 0.05691662998964088
train/interlevel_loss: 0.0017392283912296548
train/iterations_per_sec: 40.36470863358259
train/l12_reg: 0.9776982905888798
train/loss: 0.020715328516683194
train/mse: 0.018156509940521887
train/psnr: 17.411400130300812
train/tv_reg_l1: 0.13960817275625287
train/tv_reg_l2: 0.026985160460827325
