lpips: 0.14859114587306976
mse: 0.00316709466278553
psnr: 25.146666619644392
ssim: 0.8622552752494812
