iterations_per_sec: 30.190924562872354
train/distortion_loss: 0.006751350122456899
train/grad_norm: 0.027988416773050723
train/interlevel_loss: 0.0009921500318203912
train/iterations_per_sec: 30.190924562872354
train/l12_reg: 0.8875145605116179
train/loss: 0.004023805865077208
train/mse: 0.002902237691380309
train/psnr: 25.381581354622888
train/tv_reg_l1: 0.07729149602278314
train/tv_reg_l2: 0.012266680353669205
