lpips: 0.01604614406824112
mse: 0.00026392738800495863
psnr: 36.40844446692691
ssim: 0.9782532453536987
