lpips: 0.014147442765533924
mse: 0.0001700894208624959
psnr: 37.7604480906853
ssim: 0.9800537824630737
