iterations_per_sec: 49.56458968256792
train/distortion_loss: 0.002654412213355453
train/grad_norm: 0.008770254885100505
train/interlevel_loss: 9.21796083937145e-05
train/iterations_per_sec: 49.56458968256792
train/l12_reg: 0.34867138964961275
train/loss: 0.0006932797494833593
train/mse: 0.00017469644227836544
train/psnr: 37.610600172871294
train/tv_reg_l1: 0.03108694590628147
train/tv_reg_l2: 0.007507786841479817
