lpips: 0.05490425229072571
mse: 0.0034834241960197687
psnr: 24.87538269671674
ssim: 0.9248387217521667
