lpips: 0.04447227343916893
mse: 0.0016048253746703267
psnr: 28.023940933442045
ssim: 0.9436337947845459
