iterations_per_sec: 56.25608302442212
train/distortion_loss: 0.014265712604603985
train/grad_norm: 0.04148460783515916
train/interlevel_loss: 0.0005142766005721771
train/iterations_per_sec: 56.25608302442212
train/l12_reg: 0.5726605972858391
train/loss: 0.0031343931144084593
train/mse: 0.001677477879289801
train/psnr: 27.773898827909218
train/tv_reg_l1: 0.12930774297377076
train/tv_reg_l2: 0.035571231309211616
