lpips: 0.07900991290807724
mse: 0.0009944027988240123
psnr: 30.18881213111341
ssim: 0.88655686378479
