lpips: 0.08678750693798065
mse: 0.0007564598345197737
psnr: 31.248823813157014
ssim: 0.8835880756378174
