iterations_per_sec: 39.17273547825909
train/distortion_loss: 0.010985409041321037
train/grad_norm: 0.019734085819712192
train/interlevel_loss: 0.0003512870835497825
train/iterations_per_sec: 39.17273547825909
train/l12_reg: 0.5317822899481263
train/loss: 0.0018921337052803448
train/mse: 0.0007713341443432552
train/psnr: 31.15426693540631
train/tv_reg_l1: 0.07989785218178624
train/tv_reg_l2: 0.022674479230184747
