lpips: 0.0335044264793396
mse: 0.0017631002701818943
psnr: 27.998208841670383
ssim: 0.9335112571716309
