lpips: 0.021576786413788795
mse: 0.0006934689590707421
psnr: 31.7961540352115
ssim: 0.9593346118927002
