iterations_per_sec: 21.863662282641613
train/distortion_loss: 0.010596555469538829
train/grad_norm: 0.0015044093603559891
train/interlevel_loss: 0.00022022610731926192
train/iterations_per_sec: 21.863662282641613
train/l12_reg: 2.380355984273583
train/loss: 0.0009386624254267475
train/mse: 0.0007078397591043301
train/psnr: 31.53033323962279
train/tv_reg_l1: 1.9323760740684741
train/tv_reg_l2: 3.126527307009456
