lpips: 0.16157355904579163
mse: 0.004827041178941727
psnr: 23.2701884685752
ssim: 0.8139045238494873
