iterations_per_sec: 51.05492228590744
train/distortion_loss: 0.015315028547187044
train/grad_norm: 0.0583180043883998
train/interlevel_loss: 0.0012310648600410933
train/iterations_per_sec: 51.05492228590744
train/l12_reg: 0.9910365499631323
train/loss: 0.005642385301979805
train/mse: 0.0042417199689556255
train/psnr: 23.73410066932139
train/tv_reg_l1: 0.09332800633979565
train/tv_reg_l2: 0.015428545875380737
