iterations_per_sec: 12.786292986792681
train/distortion_loss: 0.2932827343242337
train/grad_norm: 0.16607212358050877
train/interlevel_loss: 0.001574186247190216
train/iterations_per_sec: 12.786292986792681
train/l12_reg: 2.308281917764683
train/loss: 0.005794809058760152
train/mse: 0.003927340060754707
train/psnr: 24.062875670616073
train/tv_reg_l1: 1.6515926291244198
train/tv_reg_l2: 2.01190134973237
