iterations_per_sec: 39.27501008413976
train/distortion_loss: 0.4679096666249362
train/grad_norm: 0.06212261537409792
train/interlevel_loss: 0.002042766578138025
train/iterations_per_sec: 39.27501008413976
train/l12_reg: 0.8289718477412907
train/loss: 0.0228753039105372
train/mse: 0.020069903722315124
train/psnr: 16.97618530735825
train/tv_reg_l1: 0.13299281217835165
train/tv_reg_l2: 0.02947239952180723
