lpips: 0.015319572761654854
mse: 0.00050457997713238
psnr: 33.01902463622829
ssim: 0.9773718118667603
