lpips: 0.02007288485765457
mse: 0.0010099858045578003
psnr: 30.118194577914036
ssim: 0.9653881192207336
