iterations_per_sec: 22.18816325712064
train/distortion_loss: 0.012165095995772968
train/grad_norm: 0.0010208030927437123
train/interlevel_loss: 0.00032846766819170855
train/iterations_per_sec: 22.18816325712064
train/l12_reg: 2.377335589341443
train/loss: 0.0008734260971488601
train/mse: 0.0005327933323875333
train/psnr: 32.76503902011447
train/tv_reg_l1: 2.0130103862646855
train/tv_reg_l2: 2.967249682455352
