lpips: 0.01683206297457218
mse: 0.0005141263245604932
psnr: 33.32470661044094
ssim: 0.9665518403053284
