lpips: 0.012414034456014633
mse: 0.0002919994876720011
psnr: 35.44960887900233
ssim: 0.9729912281036377
