iterations_per_sec: 50.64235520610871
train/distortion_loss: 0.0033713600650015804
train/grad_norm: 0.018655366151396072
train/interlevel_loss: 0.0005431593836148768
train/iterations_per_sec: 50.64235520610871
train/l12_reg: 0.5489322507020199
train/loss: 0.0016837587575381152
train/mse: 0.00031272522314931405
train/psnr: 35.09337839454111
train/tv_reg_l1: 0.09116524013907018
train/tv_reg_l2: 0.0275570506963766
