lpips: 0.013781058602035046
mse: 0.0001648122852202505
psnr: 37.89546586379498
ssim: 0.9803419709205627
