lpips: 0.015419941395521164
mse: 0.0002620115701574832
psnr: 36.53008738473463
ssim: 0.9785789251327515
