iterations_per_sec: 65.05691956764787
train/distortion_loss: 0.0024528059699205737
train/grad_norm: 0.0004532437790961315
train/interlevel_loss: 8.62658621050709e-05
train/iterations_per_sec: 65.05691956764787
train/l12_reg: 0.3352204175910564
train/loss: 0.0006623090082553751
train/mse: 0.00016857201299357293
train/psnr: 37.76641495059235
train/tv_reg_l1: 0.029043654092785084
train/tv_reg_l2: 0.0069797885077394015
