lpips: 0.009843626990914345
mse: 0.00025179763906635344
psnr: 36.08864310519142
ssim: 0.9764360785484314
