lpips: 0.014311778359115124
mse: 0.00046199315693229437
psnr: 33.74579497213813
ssim: 0.969927966594696
