iterations_per_sec: 15.439786637416642
train/distortion_loss: 0.0035348511300981045
train/grad_norm: 0.014070271377950305
train/interlevel_loss: 0.0007431158740684917
train/iterations_per_sec: 15.439786637416642
train/l12_reg: 2.4060253133677474
train/loss: 0.0010184392020238019
train/mse: 0.0002717884748967157
train/psnr: 35.71728500212082
train/tv_reg_l1: 1.4355090411022455
train/tv_reg_l2: 2.007829119460751
