lpips: 0.007712749298661947
mse: 0.000328764203004539
psnr: 35.06080749539279
ssim: 0.9867648482322693
