lpips: 0.009919490665197372
mse: 0.00048469044850207865
psnr: 33.346549490788064
ssim: 0.9836795330047607
