iterations_per_sec: 17.184213891273895
train/distortion_loss: 0.0035151701227695955
train/grad_norm: 0.03419227794640594
train/interlevel_loss: 0.00014145707025432563
train/iterations_per_sec: 17.184213891273895
train/l12_reg: 2.0672044224209256
train/loss: 0.0004937572265396628
train/mse: 0.0003487849828547262
train/psnr: 34.621472060078325
train/tv_reg_l1: 1.492135014196839
train/tv_reg_l2: 1.8099057108464867
