iterations_per_sec: 40.2929410035062
train/distortion_loss: 0.44868197194253556
train/grad_norm: 0.07421291359897816
train/interlevel_loss: 0.002216422949174438
train/iterations_per_sec: 40.2929410035062
train/l12_reg: 1.053936562152824
train/loss: 0.017690321957372655
train/mse: 0.01472726668409928
train/psnr: 18.321165913283224
train/tv_reg_l1: 0.1528562724289268
train/tv_reg_l2: 0.02979503284123811
