lpips: 0.23507383465766907
mse: 0.010004823096096516
psnr: 20.061787909697806
ssim: 0.798261821269989
