iterations_per_sec: 46.70802952379532
train/distortion_loss: 0.014771927044623427
train/grad_norm: 0.07524770502038676
train/interlevel_loss: 0.0010096066322111798
train/iterations_per_sec: 46.70802952379532
train/l12_reg: 0.9340852673607644
train/loss: 0.009924742299122642
train/mse: 0.00868018904249325
train/psnr: 20.6252283423838
train/tv_reg_l1: 0.11551628615519013
train/tv_reg_l2: 0.022017469121651215
