lpips: 0.013078246265649796
mse: 0.0004045676323585212
psnr: 34.32429274911178
ssim: 0.9731491208076477
