lpips: 0.009171448647975922
mse: 0.0002292357967235148
psnr: 36.499287027453306
ssim: 0.9787325859069824
