iterations_per_sec: 35.04183629086568
train/distortion_loss: 0.003249348421120132
train/grad_norm: 0.016413799430610554
train/interlevel_loss: 0.0006250728173369561
train/iterations_per_sec: 35.04183629086568
train/l12_reg: 0.5047827790481876
train/loss: 0.001628732084146127
train/mse: 0.00024716672972620773
train/psnr: 36.12803761646001
train/tv_reg_l1: 0.07707179691454377
train/tv_reg_l2: 0.024846037191272985
