iterations_per_sec: 40.683534854850954
train/distortion_loss: 0.03202092530901986
train/grad_norm: 0.12777259494319107
train/interlevel_loss: 0.0006816464369279342
train/iterations_per_sec: 40.683534854850954
train/l12_reg: 0.573415047592587
train/loss: 0.01574482386837704
train/mse: 0.01444111584751594
train/psnr: 18.407718080462832
train/tv_reg_l1: 0.13233633655490298
train/tv_reg_l2: 0.0590040586663015
