iterations_per_sec: 17.506978107628317
train/distortion_loss: 0.2917858298980828
train/grad_norm: 0.46460199536699237
train/interlevel_loss: 0.006548864592920349
train/iterations_per_sec: 17.506978107628317
train/l12_reg: 2.254549098737312
train/loss: 0.030844161719685854
train/mse: 0.024003511238278763
train/psnr: 16.198680646491773
train/tv_reg_l1: 1.673841685959787
train/tv_reg_l2: 2.3005149557132913
