lpips: 0.013055283576250076
mse: 0.0001584462879691273
psnr: 38.06617525144425
ssim: 0.9813610911369324
