lpips: 0.01620609313249588
mse: 0.00028320899582467973
psnr: 36.42742041415608
ssim: 0.9787967801094055
