iterations_per_sec: 50.54766043390028
train/distortion_loss: 0.00343539784991681
train/grad_norm: 0.00040536545625078783
train/interlevel_loss: 9.97587683906948e-05
train/iterations_per_sec: 50.54766043390028
train/l12_reg: 0.4259315283611567
train/loss: 0.0007879369441805539
train/mse: 0.00016401586367694585
train/psnr: 37.8849614846586
train/tv_reg_l1: 0.0442155170245002
train/tv_reg_l2: 0.009479536872470018
