lpips: 0.016122905537486076
mse: 0.000722142169252038
psnr: 31.47441361771536
ssim: 0.9716387987136841
