lpips: 0.013724790886044502
mse: 0.0004951284499838948
psnr: 33.12823229725779
ssim: 0.9794930815696716
