iterations_per_sec: 37.93132221077973
train/distortion_loss: 0.004893241986406572
train/grad_norm: 0.012955210359785894
train/interlevel_loss: 0.0004409368375123413
train/iterations_per_sec: 37.93132221077973
train/l12_reg: 0.3505895122735187
train/loss: 0.0014980237677016041
train/mse: 0.0005272540594262983
train/psnr: 32.81589240257186
train/tv_reg_l1: 0.053765878194209304
train/tv_reg_l2: 0.017435008246037696
