iterations_per_sec: 37.40873107738986
train/distortion_loss: 0.5334537974511734
train/grad_norm: 0.05085550598574407
train/interlevel_loss: 0.0025072906171018728
train/iterations_per_sec: 37.40873107738986
train/l12_reg: 1.0287188568500558
train/loss: 0.019189589553409152
train/mse: 0.01586638018488884
train/psnr: 17.996808235091393
train/tv_reg_l1: 0.1334252381565595
train/tv_reg_l2: 0.02824648844096998
