lpips: 0.025983648374676704
mse: 0.0013391205575317144
psnr: 28.95841609599318
ssim: 0.9418057203292847
