lpips: 0.020597316324710846
mse: 0.0007225774461403489
psnr: 31.63827066856386
ssim: 0.9603895545005798
