iterations_per_sec: 49.45447903867302
train/distortion_loss: 0.0065777436877139895
train/grad_norm: 0.03131199382584204
train/interlevel_loss: 0.00016145922453495476
train/iterations_per_sec: 49.45447903867302
train/l12_reg: 0.40482888287968105
train/loss: 0.0014942134260152928
train/mse: 0.0007514316486335839
train/psnr: 31.26692552277536
train/tv_reg_l1: 0.05145087439303446
train/tv_reg_l2: 0.016991589519411626
