lpips: 0.01060982421040535
mse: 0.0002527405449654907
psnr: 36.056545954086666
ssim: 0.9761377573013306
