lpips: 0.014101832173764706
mse: 0.0004265409952495247
psnr: 34.103326892948424
ssim: 0.9707977175712585
