iterations_per_sec: 50.33644041209821
train/distortion_loss: 0.003225266550093739
train/grad_norm: 0.021787939141645576
train/interlevel_loss: 0.0004720792395998771
train/iterations_per_sec: 50.33644041209821
train/l12_reg: 0.4698506873665434
train/loss: 0.0014384786158593164
train/mse: 0.0002718895454444179
train/psnr: 35.71313337846236
train/tv_reg_l1: 0.0694958082955293
train/tv_reg_l2: 0.022143385476536222
