lpips: 0.009523204527795315
mse: 0.0003033686662092805
psnr: 35.51780732633571
ssim: 0.9829769134521484
