lpips: 0.012374401092529297
mse: 0.0003804097941610962
psnr: 34.403731650115134
ssim: 0.9794068932533264
