iterations_per_sec: 54.17827054288964
train/distortion_loss: 0.0010626136373512146
train/grad_norm: 0.0005342630770015107
train/interlevel_loss: 0.0001473989747194197
train/iterations_per_sec: 54.17827054288964
train/l12_reg: 0.38459989789760474
train/loss: 0.0009853122685330384
train/mse: 0.0003176232737564303
train/psnr: 35.01826846960819
train/tv_reg_l1: 0.040982429615475914
train/tv_reg_l2: 0.013462749996570626
