lpips: 0.13911984860897064
mse: 0.002968878485262394
psnr: 25.449345386647455
ssim: 0.8691165447235107
