iterations_per_sec: 52.08770356522533
train/distortion_loss: 0.0068415953693064776
train/grad_norm: 0.03034949912266298
train/interlevel_loss: 0.0007769417028281499
train/iterations_per_sec: 52.08770356522533
train/l12_reg: 0.8852780515497382
train/loss: 0.003630321454068627
train/mse: 0.0027221341081189385
train/psnr: 25.66158693486994
train/tv_reg_l1: 0.07479100034694479
train/tv_reg_l2: 0.012440407291205243
