iterations_per_sec: 18.302602881817798
train/distortion_loss: 0.30793946018122664
train/grad_norm: 0.1856121201105792
train/interlevel_loss: 0.0010490607019899545
train/iterations_per_sec: 18.302602881817798
train/l12_reg: 0.7769794783206901
train/loss: 0.00512328256166192
train/mse: 0.0024864572650668297
train/psnr: 26.058860065961124
train/tv_reg_l1: 0.16387729181183708
train/tv_reg_l2: 0.050284556818730904
