lpips: 0.025385990738868713
mse: 0.0013363927137106657
psnr: 29.00071475189772
ssim: 0.9423552751541138
