lpips: 0.019363276660442352
mse: 0.0006868726923130453
psnr: 31.86043680530635
ssim: 0.9622620344161987
