iterations_per_sec: 41.13462108474495
train/distortion_loss: 0.006521026025328672
train/grad_norm: 0.030513003769547048
train/interlevel_loss: 0.00023386066275615848
train/iterations_per_sec: 41.13462108474495
train/l12_reg: 0.4609634379545848
train/loss: 0.0016356629726354671
train/mse: 0.000727105693482427
train/psnr: 31.420367423934167
train/tv_reg_l1: 0.06373282092990297
train/tv_reg_l2: 0.02072121263152421
