lpips: 0.1337483823299408
mse: 0.0028982937801629305
psnr: 25.548166147572037
ssim: 0.8721837401390076
