iterations_per_sec: 52.5163103754875
train/distortion_loss: 0.004736207707813292
train/grad_norm: 0.029261410452726514
train/interlevel_loss: 0.0004410212030493175
train/iterations_per_sec: 52.5163103754875
train/l12_reg: 0.9844964616226427
train/loss: 0.003233399319772919
train/mse: 0.0026572777400489405
train/psnr: 25.766943671486594
train/tv_reg_l1: 0.0785075170975743
train/tv_reg_l2: 0.013036417624339311
