lpips: 0.016116498038172722
mse: 0.0002645227359607816
psnr: 36.43732450988863
ssim: 0.9780005812644958
