lpips: 0.014254673384130001
mse: 0.00016824601334519684
psnr: 37.80153533504433
ssim: 0.9799177050590515
