iterations_per_sec: 66.46095326360445
train/distortion_loss: 0.002491674602332741
train/grad_norm: 0.0004434390799048347
train/interlevel_loss: 9.099041801733858e-05
train/iterations_per_sec: 66.46095326360445
train/l12_reg: 0.33615944180825746
train/loss: 0.0006709207934703715
train/mse: 0.00017172534526161133
train/psnr: 37.68563946810636
train/tv_reg_l1: 0.027931825699980813
train/tv_reg_l2: 0.006955389690707729
