lpips: 0.01056765764951706
mse: 0.00025900424225255847
psnr: 35.97178286853645
ssim: 0.9759693741798401
