lpips: 0.015087720938026905
mse: 0.00048398211947642267
psnr: 33.55930298208379
ssim: 0.9689297676086426
