iterations_per_sec: 16.445957780961013
train/distortion_loss: 0.0036885223864116753
train/grad_norm: 0.012891502919221165
train/interlevel_loss: 0.000766223320041341
train/iterations_per_sec: 16.445957780961013
train/l12_reg: 2.3505798108649976
train/loss: 0.0010489832434680952
train/mse: 0.0002790713996445346
train/psnr: 35.599408929998226
train/tv_reg_l1: 1.5706889364454482
train/tv_reg_l2: 2.110284908853396
