lpips: 0.01675034873187542
mse: 0.00059600017266348
psnr: 32.32299762563435
ssim: 0.9755131006240845
