lpips: 0.018852751702070236
mse: 0.0008282954222522676
psnr: 30.878022931363958
ssim: 0.9675282835960388
