iterations_per_sec: 39.447437383151176
train/distortion_loss: 0.004362952806093175
train/grad_norm: 0.0008480987750285428
train/interlevel_loss: 0.0004148748462238923
train/iterations_per_sec: 39.447437383151176
train/l12_reg: 0.37116341127289665
train/loss: 0.0016022073681174656
train/mse: 0.0006279695639151591
train/psnr: 32.04393591061987
train/tv_reg_l1: 0.05297350221210056
train/tv_reg_l2: 0.018383657635010854
