lpips: 0.03247363865375519
mse: 0.0013360044686123729
psnr: 28.8238218483884
ssim: 0.9542805552482605
