lpips: 0.02764100767672062
mse: 0.0008505310397595167
psnr: 30.768328448459812
ssim: 0.9664453864097595
