iterations_per_sec: 50.02098143911706
train/distortion_loss: 0.014407261001943337
train/grad_norm: 0.01617208312293797
train/interlevel_loss: 0.0028366969023464303
train/iterations_per_sec: 50.02098143911706
train/l12_reg: 0.33660204302180896
train/loss: 0.004243348997951758
train/mse: 0.0008844947407135006
train/psnr: 30.563116208471435
train/tv_reg_l1: 0.07114498535491
train/tv_reg_l2: 0.017114802216640627
