lpips: 0.009171909652650356
mse: 0.00029649093630723655
psnr: 35.592091212772374
ssim: 0.9834608435630798
