lpips: 0.012248826213181019
mse: 0.0003782660060096532
psnr: 34.43593897190106
ssim: 0.979839026927948
