iterations_per_sec: 17.226909434923616
train/distortion_loss: 0.0009244777629095497
train/grad_norm: 0.011844583081476616
train/interlevel_loss: 0.00015163974177369828
train/iterations_per_sec: 17.226909434923616
train/l12_reg: 2.368677606486311
train/loss: 0.0004637552139518613
train/mse: 0.00031119099473627754
train/psnr: 35.10693860294843
train/tv_reg_l1: 1.2574733676332417
train/tv_reg_l2: 1.4837424153029317
