lpips: 0.1038862019777298
mse: 0.001411139382980764
psnr: 28.580483981976645
ssim: 0.9133622646331787
