iterations_per_sec: 51.6654308774719
train/distortion_loss: 0.008883462494446171
train/grad_norm: 0.029531828969754655
train/interlevel_loss: 0.0003074642210243966
train/iterations_per_sec: 51.6654308774719
train/l12_reg: 0.9003702444259567
train/loss: 0.001706019476658166
train/mse: 0.0012942169336696164
train/psnr: 28.893633235584606
train/tv_reg_l1: 0.06757781210571828
train/tv_reg_l2: 0.009545485216258752
