iterations_per_sec: 44.24619296354564
train/distortion_loss: 0.09956371949778663
train/grad_norm: 0.29079839391539797
train/interlevel_loss: 0.0017884250452760795
train/iterations_per_sec: 44.24619296354564
train/l12_reg: 0.5424118951113537
train/loss: 0.006476881895026173
train/mse: 0.0036651986002018957
train/psnr: 24.366422518335206
train/tv_reg_l1: 0.10153633040009123
train/tv_reg_l2: 0.038128260673597605
