lpips: 0.00857729371637106
mse: 0.0002780953363981098
psnr: 35.891120368873686
ssim: 0.9847804307937622
