lpips: 0.010937463492155075
mse: 0.0003476944693829864
psnr: 34.80020685655295
ssim: 0.9816030859947205
