iterations_per_sec: 38.13914505844771
train/distortion_loss: 0.0009088531093003999
train/grad_norm: 0.01488166515047502
train/interlevel_loss: 0.00013583707164577913
train/iterations_per_sec: 38.13914505844771
train/l12_reg: 0.39602342007136104
train/loss: 0.0009615028440491343
train/mse: 0.00029299687226702734
train/psnr: 35.36266261399394
train/tv_reg_l1: 0.04539754478768869
train/tv_reg_l2: 0.013573660693987452
