lpips: 0.008536824025213718
mse: 0.0002418465301161632
psnr: 36.24185161092159
ssim: 0.9776908159255981
