lpips: 0.011843147687613964
mse: 0.0004056482866872102
psnr: 34.31667493316457
ssim: 0.9727306962013245
