iterations_per_sec: 22.97948368448093
train/distortion_loss: 0.0029518280385269057
train/grad_norm: 0.0007785497444347864
train/interlevel_loss: 0.0008584307982924987
train/iterations_per_sec: 22.97948368448093
train/l12_reg: 2.3325764843911836
train/loss: 0.0011175003612997256
train/mse: 0.0002561177277286076
train/psnr: 35.984255973738854
train/tv_reg_l1: 1.429043583195619
train/tv_reg_l2: 2.215839501583215
