lpips: 0.11105834692716599
mse: 0.0014077631058171391
psnr: 28.5784412995076
ssim: 0.9107365608215332
