iterations_per_sec: 50.20922078706201
train/distortion_loss: 0.00801505565624496
train/grad_norm: 0.025210826629490563
train/interlevel_loss: 0.0001952596355083803
train/iterations_per_sec: 50.20922078706201
train/l12_reg: 0.9213377345692028
train/loss: 0.001595070866651532
train/mse: 0.0013082107338546352
train/psnr: 28.848453309800888
train/tv_reg_l1: 0.0627086561812897
train/tv_reg_l2: 0.008358544839376753
