iterations_per_sec: 40.77702341798662
train/distortion_loss: 0.40590277976459926
train/grad_norm: 0.08931649773560389
train/interlevel_loss: 0.0023238564502786507
train/iterations_per_sec: 40.77702341798662
train/l12_reg: 1.1456270916293365
train/loss: 0.025219235456351078
train/mse: 0.022176508443674657
train/psnr: 16.54305086232195
train/tv_reg_l1: 0.1493116587099403
train/tv_reg_l2: 0.03129677271301096
