lpips: 0.013179498724639416
mse: 0.000389420980354771
psnr: 34.30251954343698
ssim: 0.9789239764213562
