lpips: 0.010249130427837372
mse: 0.00031471383408643305
psnr: 35.35563745042172
ssim: 0.982521116733551
