iterations_per_sec: 50.88466926660683
train/distortion_loss: 0.0009313379972937959
train/grad_norm: 0.015645152908006704
train/interlevel_loss: 0.00011686316899769478
train/iterations_per_sec: 50.88466926660683
train/l12_reg: 0.3495240834626285
train/loss: 0.0009153060029458368
train/mse: 0.00032799672676400856
train/psnr: 34.87631926873718
train/tv_reg_l1: 0.03639931781123383
train/tv_reg_l2: 0.011999066439316128
