lpips: 0.1659526824951172
mse: 0.005754426587373018
psnr: 22.523262282291306
ssim: 0.8381097912788391
