iterations_per_sec: 52.84373105566528
train/distortion_loss: 0.00765674870762259
train/grad_norm: 0.06772134020322501
train/interlevel_loss: 0.0002678399308786887
train/iterations_per_sec: 52.84373105566528
train/l12_reg: 0.780243643606552
train/loss: 0.0051919200570520125
train/mse: 0.004747767438829848
train/psnr: 23.249733876700354
train/tv_reg_l1: 0.08985831249843944
train/tv_reg_l2: 0.01686559361640853
