lpips: 0.021549446508288383
mse: 0.0006558415479958057
psnr: 32.05004692591523
ssim: 0.9607874155044556
