lpips: 0.03581289201974869
mse: 0.00199550436809659
psnr: 27.397278398447362
ssim: 0.9308161735534668
