iterations_per_sec: 13.233396201796207
train/distortion_loss: 0.01286525951905383
train/grad_norm: 0.03552780797084173
train/interlevel_loss: 0.0004012390834189989
train/iterations_per_sec: 13.233396201796207
train/l12_reg: 2.471535680269954
train/loss: 0.0011000884326428852
train/mse: 0.0006859840856361758
train/psnr: 31.67361280653212
train/tv_reg_l1: 1.8563371631834242
train/tv_reg_l2: 2.5709413807801527
