lpips: 0.043077267706394196
mse: 0.0016102476511150599
psnr: 28.00191574339722
ssim: 0.9465727210044861
