lpips: 0.050029706209897995
mse: 0.0030818849336355925
psnr: 25.36501321963469
ssim: 0.9317107200622559
