iterations_per_sec: 66.38777969979341
train/distortion_loss: 0.0044848272139488745
train/grad_norm: 0.001473981914148111
train/interlevel_loss: 0.0002432641191960717
train/iterations_per_sec: 66.38777969979341
train/l12_reg: 0.47433988193068843
train/loss: 0.0026817659311222306
train/mse: 0.0016882063508165456
train/psnr: 27.749078172625918
train/tv_reg_l1: 0.07585832047643083
train/tv_reg_l2: 0.027147074690972915
