lpips: 0.23639625310897827
mse: 0.010105082765221596
psnr: 20.01964073847988
ssim: 0.8038276433944702
