iterations_per_sec: 30.89739720144465
train/distortion_loss: 0.014393485395821056
train/grad_norm: 0.07434361420496545
train/interlevel_loss: 0.0012305317249036198
train/iterations_per_sec: 30.89739720144465
train/l12_reg: 0.9103145587323892
train/loss: 0.010173358728714062
train/mse: 0.008731423514998622
train/psnr: 20.5994543788409
train/tv_reg_l1: 0.1042009572489093
train/tv_reg_l2: 0.019701000585248978
