iterations_per_sec: 33.10354607670821
train/distortion_loss: 0.22207977088412853
train/grad_norm: 0.15671586011997377
train/interlevel_loss: 0.0013444659892808306
train/iterations_per_sec: 33.10354607670821
train/l12_reg: 0.7040969127356403
train/loss: 0.004401450576919197
train/mse: 0.001634692214664561
train/psnr: 27.873983151984937
train/tv_reg_l1: 0.16324228334306468
train/tv_reg_l2: 0.04961157386953181
