lpips: 0.011117164976894855
mse: 0.0003500238817650825
psnr: 34.75974846519956
ssim: 0.9813529253005981
