lpips: 0.008604940958321095
mse: 0.00027850051992572844
psnr: 35.88826949541048
ssim: 0.9846670627593994
