iterations_per_sec: 32.25204381177305
train/distortion_loss: 0.0009466200523699323
train/grad_norm: 0.014489318140678935
train/interlevel_loss: 0.00013694513663814188
train/iterations_per_sec: 32.25204381177305
train/l12_reg: 0.4008074306478404
train/loss: 0.000971452774000213
train/mse: 0.00029306330705165036
train/psnr: 35.36877144707574
train/tv_reg_l1: 0.046693320113300074
train/tv_reg_l2: 0.013969027945263819
