iterations_per_sec: 40.940232816237355
train/distortion_loss: 0.2466346650111555
train/grad_norm: 0.067803927781907
train/interlevel_loss: 0.0021681405199371804
train/iterations_per_sec: 40.940232816237355
train/l12_reg: 0.9282909414984963
train/loss: 0.012259536516862084
train/mse: 0.009584355939443063
train/psnr: 20.188335206773544
train/tv_reg_l1: 0.13056070816637289
train/tv_reg_l2: 0.026040532466287566
