lpips: 0.012260174378752708
mse: 0.00015302479732781649
psnr: 38.229492269221616
ssim: 0.9810540676116943
