lpips: 0.01517571322619915
mse: 0.00027024091104976833
psnr: 36.5575307564545
ssim: 0.9782227277755737
