iterations_per_sec: 16.901064101799495
train/distortion_loss: 0.0027715825273495432
train/grad_norm: 0.007855597486004534
train/interlevel_loss: 0.0001064163727204861
train/iterations_per_sec: 16.901064101799495
train/l12_reg: 1.9753931676498566
train/loss: 0.00026481811793855004
train/mse: 0.00015563016282300456
train/psnr: 38.11519522618766
train/tv_reg_l1: 1.1365062395731609
train/tv_reg_l2: 1.1374614250780357
