lpips: 0.22523997724056244
mse: 0.009717026725411415
psnr: 20.181364847664984
ssim: 0.8103485703468323
