iterations_per_sec: 26.665687075318097
train/distortion_loss: 0.010902572489070773
train/grad_norm: 0.07351085961316571
train/interlevel_loss: 0.0011900370902936867
train/iterations_per_sec: 26.665687075318097
train/l12_reg: 0.9037364564760767
train/loss: 0.009884628090969842
train/mse: 0.0084911588381863
train/psnr: 20.72083107148758
train/tv_reg_l1: 0.09949235377287624
train/tv_reg_l2: 0.01925295659086921
