lpips: 0.07779022306203842
mse: 0.0010292399674654007
psnr: 30.02451234737152
ssim: 0.8836471438407898
