lpips: 0.08405008167028427
mse: 0.0007902474026195705
psnr: 31.053690103210087
ssim: 0.88106369972229
