iterations_per_sec: 16.272196740625553
train/distortion_loss: 0.01149601854308687
train/grad_norm: 0.01907546536037416
train/interlevel_loss: 0.0004919760741735574
train/iterations_per_sec: 16.272196740625553
train/l12_reg: 2.1325689999744144
train/loss: 0.0013039828433344762
train/mse: 0.0008005107437834294
train/psnr: 30.993333489003806
train/tv_reg_l1: 1.4744316688691728
train/tv_reg_l2: 1.806897506569371
