lpips: 0.007789814379066229
mse: 0.00036683003418147564
psnr: 34.60605102529972
ssim: 0.9866817593574524
