lpips: 0.009151122532784939
mse: 0.0004427777894306928
psnr: 33.688761391447215
ssim: 0.9844986200332642
