iterations_per_sec: 53.93141643510544
train/distortion_loss: 0.0010011963625062219
train/grad_norm: 0.0005727390193667338
train/interlevel_loss: 7.466507157354352e-05
train/iterations_per_sec: 53.93141643510544
train/l12_reg: 0.2836230559782548
train/loss: 0.0008509362662079358
train/mse: 0.0003964298083141183
train/psnr: 34.06528102990353
train/tv_reg_l1: 0.02614323121279177
train/tv_reg_l2: 0.00952171225740452
