lpips: 0.012849938124418259
mse: 0.00046097487211227417
psnr: 33.44139641388048
ssim: 0.9803140759468079
