lpips: 0.015159957110881805
mse: 0.0006957803852856159
psnr: 31.642341972243948
ssim: 0.9724451303482056
