iterations_per_sec: 38.684251909704805
train/distortion_loss: 0.00596523279738095
train/grad_norm: 0.01269344554630795
train/interlevel_loss: 0.0003353233256311429
train/iterations_per_sec: 38.684251909704805
train/l12_reg: 0.3938039779061019
train/loss: 0.0014289066200191625
train/mse: 0.00048760983727242084
train/psnr: 33.15499768112645
train/tv_reg_l1: 0.071089280298864
train/tv_reg_l2: 0.020620424545021974
