lpips: 0.010787656530737877
mse: 0.0005216425633989275
psnr: 33.0042022893497
ssim: 0.982686460018158
