lpips: 0.008412959985435009
mse: 0.00035204822779633105
psnr: 34.7552712488274
ssim: 0.9859371781349182
