iterations_per_sec: 13.128615408164368
train/distortion_loss: 0.003892837858975235
train/grad_norm: 0.027945462350893503
train/interlevel_loss: 9.16571108532618e-05
train/iterations_per_sec: 13.128615408164368
train/l12_reg: 2.018686602814029
train/loss: 0.0004757400890200803
train/mse: 0.00038019014079114326
train/psnr: 34.25130347049598
train/tv_reg_l1: 1.4334038483976113
train/tv_reg_l2: 1.5829935964911874
