lpips: 0.11902305483818054
mse: 0.0015021578874439
psnr: 28.28880021789192
ssim: 0.9067726135253906
