iterations_per_sec: 50.691899015595794
train/distortion_loss: 0.009424862404814873
train/grad_norm: 0.03108181128974515
train/interlevel_loss: 0.0008258778864113295
train/iterations_per_sec: 50.691899015595794
train/l12_reg: 1.0631536438007547
train/loss: 0.0023262784604660487
train/mse: 0.001406280817746213
train/psnr: 28.53501011626889
train/tv_reg_l1: 0.058999587979280586
train/tv_reg_l2: 0.008469489572400396
