lpips: 0.2401781976222992
mse: 0.010115256533026695
psnr: 19.998878379868046
ssim: 0.7971428632736206
