iterations_per_sec: 49.89141530372177
train/distortion_loss: 0.011705444250820261
train/grad_norm: 0.07063671931473896
train/interlevel_loss: 0.0011602826733988795
train/iterations_per_sec: 49.89141530372177
train/l12_reg: 0.8827430527619641
train/loss: 0.010326394030466826
train/mse: 0.008962448785137949
train/psnr: 20.48709934889668
train/tv_reg_l1: 0.10048534457731728
train/tv_reg_l2: 0.01919571374251385
