iterations_per_sec: 32.14538679152763
train/distortion_loss: 0.18537341645269684
train/grad_norm: 0.3443947741479585
train/interlevel_loss: 0.0017903040544214573
train/iterations_per_sec: 32.14538679152763
train/l12_reg: 0.7873714885326347
train/loss: 0.009001430575594757
train/mse: 0.005493463449782193
train/psnr: 22.604801274309256
train/tv_reg_l1: 0.2078289254145189
train/tv_reg_l2: 0.07449182303565921
