iterations_per_sec: 53.7087205731451
train/distortion_loss: 0.17986107670297527
train/grad_norm: 0.13974430675458427
train/interlevel_loss: 0.0010453547207600992
train/iterations_per_sec: 53.7087205731451
train/l12_reg: 0.6882471400077896
train/loss: 0.005340315486219796
train/mse: 0.0029996458177614692
train/psnr: 25.23696140327839
train/tv_reg_l1: 0.13156559054899697
train/tv_reg_l2: 0.04272067208181728
