lpips: 0.04002857580780983
mse: 0.0014401604421436787
psnr: 28.48812565304359
ssim: 0.9493952989578247
