lpips: 0.05073605850338936
mse: 0.0031935626175254583
psnr: 25.214240852737667
ssim: 0.9303491711616516
