iterations_per_sec: 40.98478052560607
train/distortion_loss: 0.012997889674898951
train/grad_norm: 0.040675508159429136
train/interlevel_loss: 0.0005606285847883408
train/iterations_per_sec: 40.98478052560607
train/l12_reg: 0.5356131153877335
train/loss: 0.0029575697056986767
train/mse: 0.0015179517307328154
train/psnr: 28.20726001623905
train/tv_reg_l1: 0.10932410862108674
train/tv_reg_l2: 0.033037833342648516
