iterations_per_sec: 16.282587657175245
train/distortion_loss: 0.03562378819392185
train/grad_norm: 0.09843030553122964
train/interlevel_loss: 0.0008389967895874923
train/iterations_per_sec: 16.282587657175245
train/l12_reg: 2.0918221160618944
train/loss: 0.0013472500475913737
train/mse: 0.00047262946280152206
train/psnr: 33.27616504707722
train/tv_reg_l1: 1.4318190632444439
train/tv_reg_l2: 1.6136423770827477
