lpips: 0.01894005760550499
mse: 0.0006557998131029308
psnr: 32.06656762011225
ssim: 0.9633161425590515
