lpips: 0.025140147656202316
mse: 0.0013031321577727795
psnr: 29.102349182971842
ssim: 0.943361222743988
