iterations_per_sec: 38.200105549593985
train/distortion_loss: 0.006585058003588758
train/grad_norm: 0.029852255633232568
train/interlevel_loss: 0.00016160212022680413
train/iterations_per_sec: 38.200105549593985
train/l12_reg: 0.406572522539081
train/loss: 0.0014541859461013416
train/mse: 0.0006942609924766602
train/psnr: 31.617232602052013
train/tv_reg_l1: 0.05217797708029699
train/tv_reg_l2: 0.018516525193446813
