iterations_per_sec: 42.06447110719752
train/distortion_loss: 0.2234375961501189
train/grad_norm: 0.061873176125715475
train/interlevel_loss: 0.0023813530981465422
train/iterations_per_sec: 42.06447110719752
train/l12_reg: 1.105749654047417
train/loss: 0.013092145408419046
train/mse: 0.010190700002089895
train/psnr: 19.921947691175674
train/tv_reg_l1: 0.14759833252791202
train/tv_reg_l2: 0.029665484046093142
