iterations_per_sec: 40.42672639926935
train/distortion_loss: 0.4376848583871668
train/grad_norm: 0.07492367023921977
train/interlevel_loss: 0.0024144723470501525
train/iterations_per_sec: 40.42672639926935
train/l12_reg: 1.0455627128331348
train/loss: 0.017821217520218906
train/mse: 0.014686734293295879
train/psnr: 18.333441416422527
train/tv_reg_l1: 0.1442144505604349
train/tv_reg_l2: 0.028232597981137458
