lpips: 0.14446304738521576
mse: 0.005170491524040699
psnr: 22.997612721930025
ssim: 0.8519516587257385
