iterations_per_sec: 46.68146366840273
train/distortion_loss: 0.007373850486909199
train/grad_norm: 0.07675114913721277
train/interlevel_loss: 0.0002422477581686425
train/iterations_per_sec: 46.68146366840273
train/l12_reg: 0.7749541594524576
train/loss: 0.004556293745120668
train/mse: 0.004151754568076946
train/psnr: 23.83436709702617
train/tv_reg_l1: 0.08187194484652895
train/tv_reg_l2: 0.015491760862671365
