lpips: 0.044641513377428055
mse: 0.0026352135464549065
psnr: 26.295443233688115
ssim: 0.9213413000106812
