lpips: 0.024018194526433945
mse: 0.0006795155350118876
psnr: 31.882997627807693
ssim: 0.958599328994751
