iterations_per_sec: 16.24955982215413
train/distortion_loss: 0.017330562291347017
train/grad_norm: 0.02672267919688514
train/interlevel_loss: 0.0005125085231753988
train/iterations_per_sec: 16.24955982215413
train/l12_reg: 2.4463844588308623
train/loss: 0.0012430524785128055
train/mse: 0.0007132133909952686
train/psnr: 31.501729926677665
train/tv_reg_l1: 1.8990149630440607
train/tv_reg_l2: 2.523876534567939
