iterations_per_sec: 13.43207279558019
train/distortion_loss: 0.31224769685003495
train/grad_norm: 0.4176266792446676
train/interlevel_loss: 0.006501937313287547
train/iterations_per_sec: 13.43207279558019
train/l12_reg: 2.161262519431837
train/loss: 0.03109105143959474
train/mse: 0.024276866173051824
train/psnr: 16.14951543133668
train/tv_reg_l1: 1.686050316300055
train/tv_reg_l2: 2.2735096180077754
