iterations_per_sec: 18.178297809977035
train/distortion_loss: 0.284160963814668
train/grad_norm: 0.23692491319444445
train/interlevel_loss: 0.0022073203011067828
train/iterations_per_sec: 18.178297809977035
train/l12_reg: 0.8805218525607177
train/loss: 0.008773565837981724
train/mse: 0.004630486542039147
train/psnr: 23.349167216907848
train/tv_reg_l1: 0.2284309413999018
train/tv_reg_l2: 0.07710761599468463
