lpips: 0.013712556101381779
mse: 0.0004980656667612493
psnr: 33.1056916865205
ssim: 0.9792038202285767
