lpips: 0.01632288284599781
mse: 0.0007322332239709795
psnr: 31.41427314098014
ssim: 0.9709715843200684
