iterations_per_sec: 53.9817098000182
train/distortion_loss: 0.004123988088615464
train/grad_norm: 0.0007916555794031181
train/interlevel_loss: 0.0003392601625598741
train/iterations_per_sec: 53.9817098000182
train/l12_reg: 0.35687761053894507
train/loss: 0.0014111762972209942
train/mse: 0.0005289190404723878
train/psnr: 32.794522044634576
train/tv_reg_l1: 0.0505562580444596
train/tv_reg_l2: 0.018199550401833322
