iterations_per_sec: 14.949416054818396
train/distortion_loss: 0.22326313425796201
train/grad_norm: 0.1363661101821697
train/interlevel_loss: 0.002118776731117807
train/iterations_per_sec: 14.949416054818396
train/l12_reg: 2.3682329100791852
train/loss: 0.004566001155498353
train/mse: 0.002223961285757597
train/psnr: 26.536610420304115
train/tv_reg_l1: 1.7090675313063342
train/tv_reg_l2: 2.313597387737698
