lpips: 0.012234823778271675
mse: 0.0004199462418910116
psnr: 34.2275345614343
ssim: 0.9724025130271912
