lpips: 0.008596342988312244
mse: 0.0002417166397208348
psnr: 36.246861746900784
ssim: 0.9775099158287048
