iterations_per_sec: 22.972027883793086
train/distortion_loss: 0.0029094395571096676
train/grad_norm: 0.0007797256970514704
train/interlevel_loss: 0.0008205115063718021
train/iterations_per_sec: 22.972027883793086
train/l12_reg: 2.2844218148125544
train/loss: 0.0010832484389391888
train/mse: 0.0002598274964251264
train/psnr: 35.918000654740766
train/tv_reg_l1: 1.3978677024744979
train/tv_reg_l2: 2.1216261603615503
