iterations_per_sec: 31.41321284274691
train/distortion_loss: 0.3741861085096995
train/grad_norm: 0.36055455846015855
train/interlevel_loss: 0.0059296230296369155
train/iterations_per_sec: 31.41321284274691
train/l12_reg: 0.6533279172097793
train/loss: 0.01487465173645754
train/mse: 0.007164896080138708
train/psnr: 21.453010713211214
train/tv_reg_l1: 0.1666175096926063
train/tv_reg_l2: 0.07526184498059629
