iterations_per_sec: 12.386304362356597
train/distortion_loss: 0.032583623842308014
train/grad_norm: 0.09454725592425375
train/interlevel_loss: 0.0006082395721941885
train/iterations_per_sec: 12.386304362356597
train/l12_reg: 1.8882693028209185
train/loss: 0.0010291897554204545
train/mse: 0.0003883665597484908
train/psnr: 34.12968028675426
train/tv_reg_l1: 1.2885729857165404
train/tv_reg_l2: 1.3518607315391
