lpips: 0.13094894587993622
mse: 0.005354312714189291
psnr: 22.76928193502119
ssim: 0.8738071918487549
