iterations_per_sec: 53.082370696793944
train/distortion_loss: 0.011372481275236967
train/grad_norm: 0.03491668599761195
train/interlevel_loss: 0.00037210931762761315
train/iterations_per_sec: 53.082370696793944
train/l12_reg: 0.7308519187599721
train/loss: 0.005115992003920103
train/mse: 0.004580042009815724
train/psnr: 23.399265038846718
train/tv_reg_l1: 0.08643457624647352
train/tv_reg_l2: 0.015246818660560883
