lpips: 0.10769247263669968
mse: 0.001349346013739705
psnr: 28.769078699592136
ssim: 0.9130361676216125
