iterations_per_sec: 52.10468282617491
train/distortion_loss: 0.0070209965025159445
train/grad_norm: 0.028856620258378863
train/interlevel_loss: 0.0002695910918944976
train/iterations_per_sec: 52.10468282617491
train/l12_reg: 0.9622938127228708
train/loss: 0.0016198775147774605
train/mse: 0.0012471088998471246
train/psnr: 29.055846628516612
train/tv_reg_l1: 0.06774725953135828
train/tv_reg_l2: 0.009615652131462338
