lpips: 0.011754011735320091
mse: 0.0004718699201475829
psnr: 33.44252937023322
ssim: 0.9822344183921814
