lpips: 0.012816667556762695
mse: 0.000543850299436599
psnr: 32.75552124844471
ssim: 0.980478823184967
