iterations_per_sec: 44.761290880428604
train/distortion_loss: 0.0012341536807291436
train/grad_norm: 0.039632268287617754
train/interlevel_loss: 0.0021527971157503096
train/iterations_per_sec: 44.761290880428604
train/l12_reg: 0.19352158286956825
train/loss: 0.002928227155629282
train/mse: 0.0005043320292536395
train/psnr: 33.01942912015048
train/tv_reg_l1: 0.018885222084895528
train/tv_reg_l2: 0.007634225447257661
