iterations_per_sec: 36.072569246293455
train/distortion_loss: 0.28461279742645496
train/grad_norm: 0.22015041579501798
train/interlevel_loss: 0.0018023858434812288
train/iterations_per_sec: 36.072569246293455
train/l12_reg: 0.8335344177303892
train/loss: 0.008849447583685619
train/mse: 0.005152545902275979
train/psnr: 22.884701410929363
train/tv_reg_l1: 0.2337995164021097
train/tv_reg_l2: 0.07763683871187345
