lpips: 0.09731163084506989
mse: 0.0012477440759539604
psnr: 29.11570756444358
ssim: 0.91739821434021
