iterations_per_sec: 49.05109180560575
train/distortion_loss: 0.00841476491210286
train/grad_norm: 0.025038726900638353
train/interlevel_loss: 0.0003044146455288159
train/iterations_per_sec: 49.05109180560575
train/l12_reg: 1.243504934840732
train/loss: 0.001583621582025756
train/mse: 0.0011596483862817738
train/psnr: 29.37431481871942
train/tv_reg_l1: 0.08169587016707719
train/tv_reg_l2: 0.011114378525602698
