lpips: 0.04780224710702896
mse: 0.0030583245679736137
psnr: 25.416778508761535
ssim: 0.9347155690193176
