lpips: 0.039347387850284576
mse: 0.001440194551832974
psnr: 28.484761636853133
ssim: 0.951517641544342
