iterations_per_sec: 51.180164565662096
train/distortion_loss: 0.005044288401764752
train/grad_norm: 0.0014063199262388728
train/interlevel_loss: 0.00023352702599809027
train/iterations_per_sec: 51.180164565662096
train/l12_reg: 0.47192757719694967
train/loss: 0.0025079751603606375
train/mse: 0.0015252170216461475
train/psnr: 28.18832199019615
train/tv_reg_l1: 0.07569043082420272
train/tv_reg_l2: 0.02722592499445785
