lpips: 0.016666019335389137
mse: 0.0004930903087370098
psnr: 33.42348869772885
ssim: 0.9672257900238037
