lpips: 0.012652597390115261
mse: 0.000291014788672328
psnr: 35.46920360441827
ssim: 0.9732788801193237
