iterations_per_sec: 34.19598300907638
train/distortion_loss: 0.0032965080798462486
train/grad_norm: 0.021437490434207097
train/interlevel_loss: 0.0005674466221461618
train/iterations_per_sec: 34.19598300907638
train/l12_reg: 0.5436221072168061
train/loss: 0.0016958457935187551
train/mse: 0.00031267836951001573
train/psnr: 35.100817362467446
train/tv_reg_l1: 0.08875820590089066
train/tv_reg_l2: 0.02688021318177984
