lpips: 0.0154629647731781
mse: 0.0005577979609370232
psnr: 32.61454871895423
ssim: 0.9767194986343384
