lpips: 0.017629895359277725
mse: 0.0007724140305072069
psnr: 31.181526021496644
ssim: 0.9690165519714355
