iterations_per_sec: 65.71330785170412
train/distortion_loss: 0.00412802249334301
train/grad_norm: 0.0008215220478090524
train/interlevel_loss: 0.00032585474922359363
train/iterations_per_sec: 65.71330785170412
train/l12_reg: 0.3719573442382042
train/loss: 0.001471364317988657
train/mse: 0.0005779226502812835
train/psnr: 32.41161612308387
train/tv_reg_l1: 0.05370052892601851
train/tv_reg_l2: 0.019150153686753428
