iterations_per_sec: 40.22058437521754
train/distortion_loss: 0.484001656975409
train/grad_norm: 0.07454070226863177
train/interlevel_loss: 0.0020196644866820237
train/iterations_per_sec: 40.22058437521754
train/l12_reg: 1.1218807167477078
train/loss: 0.01395124877153924
train/mse: 0.011208922630458168
train/psnr: 19.50742767796372
train/tv_reg_l1: 0.13678504436305075
train/tv_reg_l2: 0.023865998224026026
