iterations_per_sec: 16.584893795735326
train/distortion_loss: 0.14647077595946764
train/grad_norm: 0.23112049126865888
train/interlevel_loss: 0.0030198965546195254
train/iterations_per_sec: 16.584893795735326
train/l12_reg: 2.3176489791484793
train/loss: 0.00671667969700965
train/mse: 0.0035503123524702257
train/psnr: 24.504314942793414
train/tv_reg_l1: 1.7073432785091978
train/tv_reg_l2: 2.276061216990153
