lpips: 0.28158891201019287
mse: 0.0064142439514398575
psnr: 22.185565577897037
ssim: 0.7402986884117126
