iterations_per_sec: 50.95228110704322
train/distortion_loss: 0.029242924010061254
train/grad_norm: 0.08607782054730136
train/interlevel_loss: 0.0009201506730122022
train/iterations_per_sec: 50.95228110704322
train/l12_reg: 1.1072368922859732
train/loss: 0.00621710740255587
train/mse: 0.005045681448672155
train/psnr: 22.986496164341165
train/tv_reg_l1: 0.12871910782173426
train/tv_reg_l2: 0.022203238756217138
