iterations_per_sec: 40.44674642523816
train/distortion_loss: 0.12888622314038903
train/grad_norm: 0.014921819584237205
train/interlevel_loss: 0.0008798228721416583
train/iterations_per_sec: 40.44674642523816
train/l12_reg: 0.5655378012946157
train/loss: 0.007609678573454871
train/mse: 0.006508707826148079
train/psnr: 21.86711311340332
train/tv_reg_l1: 0.0490342705614037
train/tv_reg_l2: 0.009226167772078154
