lpips: 0.02477153018116951
mse: 0.0010443610372021794
psnr: 29.85654022484769
ssim: 0.9619927406311035
