lpips: 0.021960685029625893
mse: 0.0007657060050405562
psnr: 31.22846880649709
ssim: 0.9710680246353149
