iterations_per_sec: 35.41557639951702
train/distortion_loss: 0.0043982864672675575
train/grad_norm: 0.016949673964068143
train/interlevel_loss: 0.0007619513686736952
train/iterations_per_sec: 35.41557639951702
train/l12_reg: 0.3416543891935637
train/loss: 0.002072103616706274
train/mse: 0.0008035753624316192
train/psnr: 30.98265713393086
train/tv_reg_l1: 0.041379583679666425
train/tv_reg_l2: 0.0160524206367707
