lpips: 0.03293091431260109
mse: 0.0017368661938235164
psnr: 28.05595953616453
ssim: 0.9341906905174255
