lpips: 0.021580440923571587
mse: 0.0006935193669050932
psnr: 31.803187149260662
ssim: 0.9595065116882324
