iterations_per_sec: 22.924021555931947
train/distortion_loss: 0.01013950678058947
train/grad_norm: 0.0014428209349974012
train/interlevel_loss: 0.00020498652222820303
train/iterations_per_sec: 22.924021555931947
train/l12_reg: 2.3529116240414707
train/loss: 0.0009285149433781778
train/mse: 0.0007133889117870818
train/psnr: 31.49822524099639
train/tv_reg_l1: 1.8849412720612806
train/tv_reg_l2: 3.065707801568388
