lpips: 0.051013074815273285
mse: 0.0031647616997361183
psnr: 25.245175796345478
ssim: 0.9307116866111755
