lpips: 0.042252831161022186
mse: 0.0015676711918786168
psnr: 28.119440773136244
ssim: 0.9470587372779846
