iterations_per_sec: 56.01288182748311
train/distortion_loss: 0.006616477459443338
train/grad_norm: 0.042393244351401474
train/interlevel_loss: 0.00033365275547369335
train/iterations_per_sec: 56.01288182748311
train/l12_reg: 0.5025152925289038
train/loss: 0.00278690469808726
train/mse: 0.001649922570166639
train/psnr: 27.84778069004868
train/tv_reg_l1: 0.09051966004901463
train/tv_reg_l2: 0.029419756917790932
