lpips: 0.1418469399213791
mse: 0.003017357550561428
psnr: 25.21697795219291
ssim: 0.9154437184333801
