iterations_per_sec: 51.53008684115662
train/distortion_loss: 0.005098659766254702
train/grad_norm: 0.07452889990926993
train/interlevel_loss: 0.0008226773281807475
train/iterations_per_sec: 51.53008684115662
train/l12_reg: 0.5931520004465123
train/loss: 0.003916340715468231
train/mse: 0.002920955309004645
train/psnr: 25.36932538735746
train/tv_reg_l1: 0.08900520205497742
train/tv_reg_l2: 0.01676094223453541
