lpips: 0.022613346576690674
mse: 0.0012479920405894518
psnr: 29.25676332249941
ssim: 0.9631819128990173
