lpips: 0.015747757628560066
mse: 0.0004886815440841019
psnr: 33.167293146599036
ssim: 0.9781741499900818
