iterations_per_sec: 16.377306421366292
train/distortion_loss: 0.021866320585361636
train/grad_norm: 0.013383700841605062
train/interlevel_loss: 0.0007425374292646243
train/iterations_per_sec: 16.377306421366292
train/l12_reg: 2.514333375776657
train/loss: 0.001268157903622422
train/mse: 0.0005037541568251045
train/psnr: 33.00459449459808
train/tv_reg_l1: 2.0288470489810213
train/tv_reg_l2: 2.7641946595124525
