lpips: 0.15071769058704376
mse: 0.004622600041329861
psnr: 23.440541458212614
ssim: 0.8188081383705139
