iterations_per_sec: 52.00889959458962
train/distortion_loss: 0.013758778722599299
train/grad_norm: 0.06504707738305583
train/interlevel_loss: 0.0007830309602808245
train/iterations_per_sec: 52.00889959458962
train/l12_reg: 0.8996381121452408
train/loss: 0.005087232014935727
train/mse: 0.0041247715966569055
train/psnr: 23.857385982166637
train/tv_reg_l1: 0.09229753655616683
train/tv_reg_l2: 0.01656706877654851
