lpips: 0.010434994474053383
mse: 0.0002613613032735884
psnr: 35.929921965065
ssim: 0.9759171009063721
