lpips: 0.015001492574810982
mse: 0.00048781948862597346
psnr: 33.587101353973225
ssim: 0.9695165753364563
