iterations_per_sec: 17.010467664340045
train/distortion_loss: 0.0034824408910641767
train/grad_norm: 0.017535212181621428
train/interlevel_loss: 0.0008176349531482868
train/iterations_per_sec: 17.010467664340045
train/l12_reg: 2.4212268627051152
train/loss: 0.0011000855175561902
train/mse: 0.0002789681226443123
train/psnr: 35.59840000036991
train/tv_reg_l1: 1.5005404395286484
train/tv_reg_l2: 2.028107823747577
