lpips: 0.015163060277700424
mse: 0.0006723110564053059
psnr: 31.78663762844932
ssim: 0.973137378692627
