lpips: 0.012997058220207691
mse: 0.00046527927042916417
psnr: 33.4053481114062
ssim: 0.9805309772491455
