iterations_per_sec: 36.36295613970086
train/distortion_loss: 0.004001191196342309
train/grad_norm: 0.013388552519521027
train/interlevel_loss: 0.0003670399753974205
train/iterations_per_sec: 36.36295613970086
train/l12_reg: 0.3536261756612797
train/loss: 0.0013929131944108793
train/mse: 0.0004962483042324281
train/psnr: 33.074962288442286
train/tv_reg_l1: 0.04845098199115859
train/tv_reg_l2: 0.017199753360314804
