lpips: 0.08956136554479599
mse: 0.00089155079331249
psnr: 30.535159284148794
ssim: 0.8718665242195129
