lpips: 0.08081303536891937
mse: 0.0010916501050814986
psnr: 29.70809457161852
ssim: 0.8772943019866943
