iterations_per_sec: 21.01000705875795
train/distortion_loss: 0.008444901409963465
train/grad_norm: 0.0010929043243657986
train/interlevel_loss: 0.00045940187416331033
train/iterations_per_sec: 21.01000705875795
train/l12_reg: 2.2570937739478216
train/loss: 0.0013643679258441834
train/mse: 0.0008965211437140224
train/psnr: 30.497965109468712
train/tv_reg_l1: 1.395609448654483
train/tv_reg_l2: 1.9603416474178583
