iterations_per_sec: 18.24017658124483
train/distortion_loss: 0.31270526424802914
train/grad_norm: 0.19167570167719716
train/interlevel_loss: 0.0009668032265964406
train/iterations_per_sec: 18.24017658124483
train/l12_reg: 0.772617468328187
train/loss: 0.005167753482707823
train/mse: 0.002591443546774863
train/psnr: 25.877530993837297
train/tv_reg_l1: 0.17307206867921232
train/tv_reg_l2: 0.05241838932940454
