lpips: 0.10492538660764694
mse: 0.0010170195018872619
psnr: 29.97369213423933
ssim: 0.8576593995094299
