lpips: 0.10031560808420181
mse: 0.0015783857088536024
psnr: 28.55428930795107
ssim: 0.8618916273117065
