iterations_per_sec: 22.128316324382133
train/distortion_loss: 0.010877407325262373
train/grad_norm: 0.001188700075609365
train/interlevel_loss: 0.0005507375045463142
train/iterations_per_sec: 22.128316324382133
train/l12_reg: 2.3690361976623535
train/loss: 0.0015938391455101095
train/mse: 0.0010322242442546694
train/psnr: 29.88623276142159
train/tv_reg_l1: 1.5206753304510405
train/tv_reg_l2: 2.0039764606591426
