iterations_per_sec: 15.567099691048504
train/distortion_loss: 0.19239172986661546
train/grad_norm: 0.3116540213425954
train/interlevel_loss: 0.003378056784659022
train/iterations_per_sec: 15.567099691048504
train/l12_reg: 2.3646114691339357
train/loss: 0.009715738969695086
train/mse: 0.006145290461265379
train/psnr: 22.11714368877989
train/tv_reg_l1: 1.739648745517538
train/tv_reg_l2: 2.720689234107432
