lpips: 0.14376604557037354
mse: 0.0030105020850896835
psnr: 25.362226336285172
ssim: 0.8663313984870911
