iterations_per_sec: 28.093573728600767
train/distortion_loss: 0.005574107786283047
train/grad_norm: 0.030351000847389
train/interlevel_loss: 0.0009111964862295097
train/iterations_per_sec: 28.093573728600767
train/l12_reg: 0.865056392520365
train/loss: 0.003800469460059898
train/mse: 0.002764251995643582
train/psnr: 25.597571112892844
train/tv_reg_l1: 0.07419885868074919
train/tv_reg_l2: 0.011944688470902467
