lpips: 0.020799636840820312
mse: 0.0009565434884279966
psnr: 30.291121399027297
ssim: 0.9661880731582642
