lpips: 0.017604699358344078
mse: 0.0005845248233526945
psnr: 32.39576927451043
ssim: 0.9762800335884094
