iterations_per_sec: 38.39155828490836
train/distortion_loss: 0.0104363900091913
train/grad_norm: 0.01394215248280553
train/interlevel_loss: 0.0010055312534060442
train/iterations_per_sec: 38.39155828490836
train/l12_reg: 0.39508175669294415
train/loss: 0.002217205591744395
train/mse: 0.0006154743326014152
train/psnr: 32.1492542690701
train/tv_reg_l1: 0.071960973694469
train/tv_reg_l2: 0.019068183490272724
