iterations_per_sec: 42.49708244430956
train/distortion_loss: 0.3186672456336744
train/grad_norm: 0.06493089585141702
train/interlevel_loss: 0.0020794458334531746
train/iterations_per_sec: 42.49708244430956
train/l12_reg: 0.8320421552417254
train/loss: 0.04165694674458167
train/mse: 0.038965440609238365
train/psnr: 14.094258607035936
train/tv_reg_l1: 0.1244069342360352
train/tv_reg_l2: 0.029339320807143895
