lpips: 0.07478523999452591
mse: 0.0008974850061349571
psnr: 30.586774465722538
ssim: 0.8916342258453369
