lpips: 0.08227178454399109
mse: 0.0007066284888423979
psnr: 31.546659771080122
ssim: 0.8886013031005859
