iterations_per_sec: 34.72434227158043
train/distortion_loss: 0.010854442848475894
train/grad_norm: 0.019742402897188156
train/interlevel_loss: 0.00035381351651699104
train/iterations_per_sec: 34.72434227158043
train/l12_reg: 0.5586319096160658
train/loss: 0.0018876666647636077
train/mse: 0.0007268735460438437
train/psnr: 31.413489678893427
train/tv_reg_l1: 0.08526669442653656
train/tv_reg_l2: 0.023749324897624026
