lpips: 0.08018436282873154
mse: 0.0007652480853721499
psnr: 31.200297003628645
ssim: 0.882718026638031
