lpips: 0.07343582063913345
mse: 0.0009943828918039799
psnr: 30.174014655473194
ssim: 0.8853170871734619
