iterations_per_sec: 16.700201849889407
train/distortion_loss: 0.010519026270644232
train/grad_norm: 0.020893252021962343
train/interlevel_loss: 0.000544967991182336
train/iterations_per_sec: 16.700201849889407
train/l12_reg: 2.149229232711021
train/loss: 0.0013342411880560145
train/mse: 0.0007787541723857172
train/psnr: 31.11020404160625
train/tv_reg_l1: 1.370346111480636
train/tv_reg_l2: 1.7570587167836198
