lpips: 0.010170094668865204
mse: 0.000489763100631535
psnr: 33.28922585264491
ssim: 0.9832801818847656
