lpips: 0.008073833771049976
mse: 0.00034447203506715596
psnr: 34.870260841158796
ssim: 0.9862727522850037
