iterations_per_sec: 17.05387048242527
train/distortion_loss: 0.003303877336697446
train/grad_norm: 0.03245525282214989
train/interlevel_loss: 9.436118867744532e-05
train/iterations_per_sec: 17.05387048242527
train/l12_reg: 2.111408912774288
train/loss: 0.00046760038557377726
train/mse: 0.0003699353182302656
train/psnr: 34.3696175006905
train/tv_reg_l1: 1.4272497374602038
train/tv_reg_l2: 1.5685719612872961
