lpips: 0.1013009175658226
mse: 0.001324649783782661
psnr: 28.88849202788514
ssim: 0.9156802296638489
