iterations_per_sec: 37.23131815378666
train/distortion_loss: 0.008237262063593877
train/grad_norm: 0.027902661051337766
train/interlevel_loss: 0.0003264250672972676
train/iterations_per_sec: 37.23131815378666
train/l12_reg: 1.2942071972471294
train/loss: 0.001646279463205825
train/mse: 0.0011954062813516668
train/psnr: 29.238823206737788
train/tv_reg_l1: 0.08218766109208868
train/tv_reg_l2: 0.011621084920309409
