lpips: 0.07471175491809845
mse: 0.0009910425869747996
psnr: 30.15136786049386
ssim: 0.8838989734649658
