lpips: 0.08215687423944473
mse: 0.0007797796279191971
psnr: 31.11430920114518
ssim: 0.881106436252594
