iterations_per_sec: 16.068186997073948
train/distortion_loss: 0.01234011057613775
train/grad_norm: 0.01801410750156701
train/interlevel_loss: 0.00048508938852311913
train/iterations_per_sec: 16.068186997073948
train/l12_reg: 2.1290936710858586
train/loss: 0.0012931707550329391
train/mse: 0.0007957412486171557
train/psnr: 31.018299468840013
train/tv_reg_l1: 1.3437647819519043
train/tv_reg_l2: 1.720301511311772
