lpips: 0.017770640552043915
mse: 0.0006353668286465108
psnr: 32.040056764515214
ssim: 0.9741284847259521
