lpips: 0.02021130360662937
mse: 0.0008945749141275883
psnr: 30.535132776917234
ssim: 0.9656333327293396
