iterations_per_sec: 33.18284487985211
train/distortion_loss: 0.006493957115882876
train/grad_norm: 0.016578294722495054
train/interlevel_loss: 0.0005403604117960603
train/iterations_per_sec: 33.18284487985211
train/l12_reg: 0.3815937611189755
train/loss: 0.001789751541424505
train/mse: 0.0006688166223936761
train/psnr: 31.78031551476681
train/tv_reg_l1: 0.06486092763717728
train/tv_reg_l2: 0.019248677078973164
