iterations_per_sec: 38.32550104357148
train/distortion_loss: 0.29623426632447675
train/grad_norm: 0.31610733466316954
train/interlevel_loss: 0.0037011537381043337
train/iterations_per_sec: 38.32550104357148
train/l12_reg: 0.6713120636313853
train/loss: 0.013251377777619795
train/mse: 0.00776792097968435
train/psnr: 21.10132346490417
train/tv_reg_l1: 0.18353636833754453
train/tv_reg_l2: 0.08147566050592095
