lpips: 0.12906727194786072
mse: 0.002887821290642023
psnr: 25.59283152649708
ssim: 0.8710798621177673
