iterations_per_sec: 48.19191784442647
train/distortion_loss: 0.0060339692716646675
train/grad_norm: 0.024688999272055097
train/interlevel_loss: 0.0003096545744226361
train/iterations_per_sec: 48.19191784442647
train/l12_reg: 0.9309138011450719
train/loss: 0.003107610913557988
train/mse: 0.0026561713805704408
train/psnr: 25.76754142298843
train/tv_reg_l1: 0.08411138888561365
train/tv_reg_l2: 0.01357509842086019
