lpips: 0.15731559693813324
mse: 0.005158195272088051
psnr: 22.96888077777027
ssim: 0.8455004692077637
