iterations_per_sec: 48.55744415590957
train/distortion_loss: 0.008895503648679064
train/grad_norm: 0.09016665880276699
train/interlevel_loss: 0.001241071922281249
train/iterations_per_sec: 48.55744415590957
train/l12_reg: 0.7302936658714757
train/loss: 0.005820215675001493
train/mse: 0.004423220336173821
train/psnr: 23.557346652252505
train/tv_reg_l1: 0.08400050069045539
train/tv_reg_l2: 0.014702791696169762
