lpips: 0.13297586143016815
mse: 0.005239294376224279
psnr: 22.849566478837676
ssim: 0.8741338849067688
