iterations_per_sec: 52.01518814789777
train/distortion_loss: 0.014134334202742937
train/grad_norm: 0.034511123454630976
train/interlevel_loss: 0.00048011920363124873
train/iterations_per_sec: 52.01518814789777
train/l12_reg: 0.8418240173898562
train/loss: 0.005169898958293477
train/mse: 0.004502581495961005
train/psnr: 23.476833921490293
train/tv_reg_l1: 0.10452612150799144
train/tv_reg_l2: 0.017306396154442218
