iterations_per_sec: 18.395592659626622
train/distortion_loss: 0.06109025050895383
train/grad_norm: 0.0917015756772022
train/interlevel_loss: 0.0014880256259324725
train/iterations_per_sec: 18.395592659626622
train/l12_reg: 0.5759912729263306
train/loss: 0.00512096258068476
train/mse: 0.0026800919375899765
train/psnr: 25.72290590074327
train/tv_reg_l1: 0.11029417918185995
train/tv_reg_l2: 0.031576344574039635
