lpips: 0.02146627940237522
mse: 0.0007484581437893212
psnr: 31.49277529091626
ssim: 0.958774209022522
