lpips: 0.02776508778333664
mse: 0.0013932909350842237
psnr: 28.790134957133915
ssim: 0.9392520785331726
