iterations_per_sec: 49.85061662591877
train/distortion_loss: 0.006595107830233044
train/grad_norm: 0.03136889803966488
train/interlevel_loss: 0.00017108996395807187
train/iterations_per_sec: 49.85061662591877
train/l12_reg: 0.40849087424952574
train/loss: 0.0015484313315928284
train/mse: 0.0007845486056840405
train/psnr: 31.082896396367236
train/tv_reg_l1: 0.05322556449758886
train/tv_reg_l2: 0.01777067505801567
