iterations_per_sec: 34.890855240948014
train/distortion_loss: 0.27229836402517377
train/grad_norm: 0.23952393911101602
train/interlevel_loss: 0.001917783329686658
train/iterations_per_sec: 34.890855240948014
train/l12_reg: 0.8795462118254768
train/loss: 0.008862648046377933
train/mse: 0.005009249210207149
train/psnr: 23.007659468987974
train/tv_reg_l1: 0.2419668348750683
train/tv_reg_l2: 0.07837710002757083
