lpips: 0.02085472084581852
mse: 0.0007386686047539115
psnr: 31.536357901203942
ssim: 0.9598478674888611
