lpips: 0.026598749682307243
mse: 0.0013354690745472908
psnr: 28.96261831019227
ssim: 0.9413624405860901
