iterations_per_sec: 50.66759147154318
train/distortion_loss: 0.00638303089642314
train/grad_norm: 0.037282747451705164
train/interlevel_loss: 0.00017321438189346643
train/iterations_per_sec: 50.66759147154318
train/l12_reg: 0.38064927223956946
train/loss: 0.0014897654505653514
train/mse: 0.0007721007157192387
train/psnr: 31.152640776200727
train/tv_reg_l1: 0.04661657845582625
train/tv_reg_l2: 0.015741802827276365
