iterations_per_sec: 12.696841400769229
train/distortion_loss: 0.4075060619248284
train/grad_norm: 0.34938725513039215
train/interlevel_loss: 0.0052791062949432265
train/iterations_per_sec: 12.696841400769229
train/l12_reg: 2.14425290232957
train/loss: 0.012754294522708714
train/mse: 0.007067682127458881
train/psnr: 21.512490050961272
train/tv_reg_l1: 1.6747698350386186
train/tv_reg_l2: 2.3576538707270767
