lpips: 0.2895093858242035
mse: 0.0065570310689508915
psnr: 22.084767356789193
ssim: 0.73541259765625
