iterations_per_sec: 52.15792791633749
train/distortion_loss: 0.03205000362688243
train/grad_norm: 0.09738653217150707
train/interlevel_loss: 0.0013064585680217303
train/iterations_per_sec: 52.15792791633749
train/l12_reg: 1.1505408250924312
train/loss: 0.006791272812118434
train/mse: 0.005245088707806185
train/psnr: 22.81790199665108
train/tv_reg_l1: 0.11215375536921049
train/tv_reg_l2: 0.020767553304933538
