lpips: 0.012855494394898415
mse: 0.00040710761095397174
psnr: 34.33884234071935
ssim: 0.9727136492729187
