lpips: 0.009083016775548458
mse: 0.0002230284153483808
psnr: 36.61067416276285
ssim: 0.9785600304603577
