iterations_per_sec: 32.12543895722031
train/distortion_loss: 0.0032642258876802947
train/grad_norm: 0.015996753642655383
train/interlevel_loss: 0.000454056273670773
train/iterations_per_sec: 32.12543895722031
train/l12_reg: 0.46965335595487345
train/loss: 0.001394749539104676
train/mse: 0.00024288340787417397
train/psnr: 36.20390886248964
train/tv_reg_l1: 0.07100506548327629
train/tv_reg_l2: 0.022489224061971964
