lpips: 0.008755720220506191
mse: 0.0002828954311553389
psnr: 35.821208746739224
ssim: 0.9842908382415771
