lpips: 0.0110854497179389
mse: 0.00035252177622169256
psnr: 34.73285487002929
ssim: 0.9810456037521362
