iterations_per_sec: 35.68327900237958
train/distortion_loss: 0.0009473135419697924
train/grad_norm: 0.0148636894582799
train/interlevel_loss: 0.00012257583023371138
train/iterations_per_sec: 35.68327900237958
train/l12_reg: 0.3490430905361368
train/loss: 0.00088907917843887
train/mse: 0.00029776165746340545
train/psnr: 35.30055286908391
train/tv_reg_l1: 0.035148334999879204
train/tv_reg_l2: 0.011875127714992774
