lpips: 0.10685762763023376
mse: 0.0024132695980370045
psnr: 26.19756698962127
ssim: 0.928905189037323
