iterations_per_sec: 45.987065827878965
train/distortion_loss: 0.0055945112247659705
train/grad_norm: 0.05872336346091646
train/interlevel_loss: 0.000265948739281451
train/iterations_per_sec: 45.987065827878965
train/l12_reg: 0.8584003484610355
train/loss: 0.0027633861267017295
train/mse: 0.0023196749436208094
train/psnr: 26.37147585550944
train/tv_reg_l1: 0.09848024891783493
train/tv_reg_l2: 0.017216794268049375
