lpips: 0.01375472079962492
mse: 0.0004142235266044736
psnr: 34.03695924625618
ssim: 0.9779354929924011
