lpips: 0.010776269249618053
mse: 0.00033189187524840236
psnr: 35.12510277358752
ssim: 0.9816765785217285
