iterations_per_sec: 37.05447558907702
train/distortion_loss: 0.0010331116376839805
train/grad_norm: 0.016354139978912743
train/interlevel_loss: 0.00012478511008807936
train/iterations_per_sec: 37.05447558907702
train/l12_reg: 0.3943365833373985
train/loss: 0.0010018701932035536
train/mse: 0.0003432962529577616
train/psnr: 34.6792896925801
train/tv_reg_l1: 0.04252675427782415
train/tv_reg_l2: 0.013841912536082244
