lpips: 0.01788070611655712
mse: 0.0007769300136715174
psnr: 31.145023472050248
ssim: 0.9693712592124939
