lpips: 0.01605462096631527
mse: 0.0005788059788756073
psnr: 32.44750010423625
ssim: 0.9767425656318665
