iterations_per_sec: 35.3600528505139
train/distortion_loss: 0.003991078961678225
train/grad_norm: 0.015043902187373
train/interlevel_loss: 0.0006497844070610073
train/iterations_per_sec: 35.3600528505139
train/l12_reg: 0.33381524140184576
train/loss: 0.0017535746005843534
train/mse: 0.0006164450206055372
train/psnr: 32.13739156241369
train/tv_reg_l1: 0.04240817764792779
train/tv_reg_l2: 0.014953885105146903
