lpips: 0.14676757156848907
mse: 0.002987127285450697
psnr: 25.259158557727524
ssim: 0.9143567085266113
