iterations_per_sec: 47.73377155710537
train/distortion_loss: 0.004270583205395425
train/grad_norm: 0.08579147652243123
train/interlevel_loss: 0.0008243906013009072
train/iterations_per_sec: 47.73377155710537
train/l12_reg: 0.5688251985443963
train/loss: 0.003913566333740347
train/mse: 0.0029110823630947957
train/psnr: 25.384485687872377
train/tv_reg_l1: 0.08821741792589727
train/tv_reg_l2: 0.017382278925541676
