lpips: 0.14371657371520996
mse: 0.002986510284245014
psnr: 25.391461296581355
ssim: 0.8661642670631409
