iterations_per_sec: 48.76857134714241
train/distortion_loss: 0.006294400868655154
train/grad_norm: 0.0275274377993562
train/interlevel_loss: 0.0009178830254258531
train/iterations_per_sec: 48.76857134714241
train/l12_reg: 0.8464799908676532
train/loss: 0.003744588548675029
train/mse: 0.0027064747492208927
train/psnr: 25.685902585886947
train/tv_reg_l1: 0.07309073420486065
train/tv_reg_l2: 0.011393639070894381
