lpips: 0.08358686417341232
mse: 0.0007903319783508778
psnr: 31.057108045049745
ssim: 0.8800158500671387
