lpips: 0.07760905474424362
mse: 0.0010929577983915806
psnr: 29.864298342743204
ssim: 0.8820812106132507
