iterations_per_sec: 16.80636376580282
train/distortion_loss: 0.011588420239136074
train/grad_norm: 0.01995923017349207
train/interlevel_loss: 0.0005533514221579852
train/iterations_per_sec: 16.80636376580282
train/l12_reg: 2.167632565353856
train/loss: 0.0013657947296671796
train/mse: 0.0008008548862893473
train/psnr: 30.98695780050875
train/tv_reg_l1: 1.395220024417145
train/tv_reg_l2: 1.7424825056634767
