lpips: 0.009371343068778515
mse: 0.0002369349094806239
psnr: 36.3420217970204
ssim: 0.9780687093734741
