lpips: 0.013720678165555
mse: 0.00045158728607930243
psnr: 33.97344113731118
ssim: 0.9722406268119812
