iterations_per_sec: 17.817220758365305
train/distortion_loss: 0.0031866433682164763
train/grad_norm: 0.017155021396136345
train/interlevel_loss: 0.0008065395123052477
train/iterations_per_sec: 17.817220758365305
train/l12_reg: 2.3985036816259826
train/loss: 0.0010654690453190017
train/mse: 0.0002557428897948785
train/psnr: 36.0019715434373
train/tv_reg_l1: 1.5707944824238016
train/tv_reg_l2: 2.1743139787153765
