lpips: 0.014826744794845581
mse: 0.0005174122634343803
psnr: 32.933985067827614
ssim: 0.9779033660888672
