lpips: 0.018497351557016373
mse: 0.000872218981385231
psnr: 30.688061714189534
ssim: 0.9676134586334229
