iterations_per_sec: 38.67947540269331
train/distortion_loss: 0.009619098749350418
train/grad_norm: 0.013047808767155264
train/interlevel_loss: 0.000496695557199983
train/iterations_per_sec: 38.67947540269331
train/l12_reg: 0.4403404081710661
train/loss: 0.0017325608424296735
train/mse: 0.0005513251861416255
train/psnr: 32.619008651887526
train/tv_reg_l1: 0.0952165172708155
train/tv_reg_l2: 0.02345805750651793
