iterations_per_sec: 46.20498766456955
train/distortion_loss: 0.2506447487106227
train/grad_norm: 0.18832014508620656
train/interlevel_loss: 0.000861302319787104
train/iterations_per_sec: 46.20498766456955
train/l12_reg: 0.8671850489847588
train/loss: 0.007076206029101153
train/mse: 0.004580197606536776
train/psnr: 23.39533954196506
train/tv_reg_l1: 0.19485860656608234
train/tv_reg_l2: 0.051687619413691335
