iterations_per_sec: 18.030685049282045
train/distortion_loss: 0.23967986847415115
train/grad_norm: 0.3978859812322289
train/interlevel_loss: 0.002618271220155587
train/iterations_per_sec: 18.030685049282045
train/l12_reg: 0.7309531713977004
train/loss: 0.011640418330301541
train/mse: 0.007320523022137808
train/psnr: 21.35920803956311
train/tv_reg_l1: 0.19373223727399652
train/tv_reg_l2: 0.07309910015325354
