iterations_per_sec: 18.0429109896277
train/distortion_loss: 0.21733659280068945
train/grad_norm: 0.1616331379521977
train/interlevel_loss: 0.0014364782925412962
train/iterations_per_sec: 18.0429109896277
train/l12_reg: 0.7042647287099049
train/loss: 0.004448769101402675
train/mse: 0.0015765318806951094
train/psnr: 28.03400070498688
train/tv_reg_l1: 0.16383414422020767
train/tv_reg_l2: 0.05141575818862578
