lpips: 0.01169256679713726
mse: 0.0001468651316827163
psnr: 38.40318264356528
ssim: 0.9824516177177429
