lpips: 0.01359820831567049
mse: 0.000245488656219095
psnr: 36.87739833449695
ssim: 0.9802232384681702
