iterations_per_sec: 41.28939903022345
train/distortion_loss: 0.0023475759991943234
train/grad_norm: 0.009220379550536775
train/interlevel_loss: 7.635393212878644e-05
train/iterations_per_sec: 41.28939903022345
train/l12_reg: 0.32436429280223267
train/loss: 0.0006220901750658422
train/mse: 0.00015192878374658205
train/psnr: 38.22143562393959
train/tv_reg_l1: 0.028015449153955537
train/tv_reg_l2: 0.006709558207240671
