iterations_per_sec: 15.19762447293345
train/distortion_loss: 0.1228003782605884
train/grad_norm: 0.3387318422095944
train/interlevel_loss: 0.003132668961159358
train/iterations_per_sec: 15.19762447293345
train/l12_reg: 2.0814560567489777
train/loss: 0.009971208277751099
train/mse: 0.006715738924803457
train/psnr: 21.73090362548828
train/tv_reg_l1: 1.3485763771365387
train/tv_reg_l2: 1.7906005262124418
