iterations_per_sec: 38.51168201090983
train/distortion_loss: 0.20426420656719593
train/grad_norm: 0.057877162527857406
train/interlevel_loss: 0.0011505943904113439
train/iterations_per_sec: 38.51168201090983
train/l12_reg: 0.9212344463425454
train/loss: 0.007245528177743909
train/mse: 0.0056516559173663454
train/psnr: 22.481238047281902
train/tv_reg_l1: 0.120103128329672
train/tv_reg_l2: 0.02390136872653407
