lpips: 0.010074745863676071
mse: 0.0002506087184883654
psnr: 36.1089756842484
ssim: 0.9767507910728455
