lpips: 0.014294948428869247
mse: 0.000453881366411224
psnr: 33.82702678707938
ssim: 0.97095787525177
