iterations_per_sec: 16.438686432939992
train/distortion_loss: 0.003331323883336301
train/grad_norm: 0.014982022232178486
train/interlevel_loss: 0.0008235827989104871
train/iterations_per_sec: 16.438686432939992
train/l12_reg: 2.302959261518536
train/loss: 0.0010947970969771798
train/mse: 0.00026788298000059456
train/psnr: 35.784677216500945
train/tv_reg_l1: 1.4405552979671594
train/tv_reg_l2: 1.8636257792964126
