lpips: 0.01409650593996048
mse: 0.00016678529209457338
psnr: 37.84798300430587
ssim: 0.9802193641662598
