lpips: 0.01613670028746128
mse: 0.0002711518609430641
psnr: 36.416220839607284
ssim: 0.978279709815979
