iterations_per_sec: 43.290773574635416
train/distortion_loss: 0.002689901464195414
train/grad_norm: 0.00896092372090377
train/interlevel_loss: 9.889250684110918e-05
train/iterations_per_sec: 43.290773574635416
train/l12_reg: 0.3510144554605388
train/loss: 0.0006996750686966786
train/mse: 0.00017122882274285222
train/psnr: 37.69793724291252
train/tv_reg_l1: 0.03254970291046181
train/tv_reg_l2: 0.007584936460574167
