lpips: 0.01147320494055748
mse: 0.0003836585965473205
psnr: 34.520914964363534
ssim: 0.9733311533927917
