lpips: 0.008562769740819931
mse: 0.0002374573959968984
psnr: 36.32525315666442
ssim: 0.9778714776039124
