iterations_per_sec: 49.13488230935415
train/distortion_loss: 0.0030553621437513466
train/grad_norm: 0.02248448956607267
train/interlevel_loss: 0.0005142873575243007
train/iterations_per_sec: 49.13488230935415
train/l12_reg: 0.46634726361794904
train/loss: 0.0014559294748580968
train/mse: 0.00025173055223833696
train/psnr: 36.048623364381115
train/tv_reg_l1: 0.06849716415609976
train/tv_reg_l2: 0.022050892821315563
