lpips: 0.018436430022120476
mse: 0.0005157150444574654
psnr: 33.168809556977706
ssim: 0.964293360710144
