lpips: 0.014264966361224651
mse: 0.0003110230900347233
psnr: 35.173143154707965
ssim: 0.9710962176322937
