iterations_per_sec: 54.92317674181284
train/distortion_loss: 0.00341837214908064
train/grad_norm: 0.020703339347183103
train/interlevel_loss: 0.00047569910671110404
train/iterations_per_sec: 54.92317674181284
train/l12_reg: 0.5070568907140481
train/loss: 0.0015577877862284883
train/mse: 0.0003309120524632321
train/psnr: 34.8455582435685
train/tv_reg_l1: 0.07399599276708835
train/tv_reg_l2: 0.02407013423590347
