lpips: 0.22735218703746796
mse: 0.010162708349525928
psnr: 19.993190901287363
ssim: 0.8036363124847412
