iterations_per_sec: 49.42954917628803
train/distortion_loss: 0.0108676686262091
train/grad_norm: 0.0777150322918338
train/interlevel_loss: 0.0008673234707487728
train/iterations_per_sec: 49.42954917628803
train/l12_reg: 0.9827801711631544
train/loss: 0.00989135592761967
train/mse: 0.00880944166765219
train/psnr: 20.562418022541085
train/tv_reg_l1: 0.10788479296848028
train/tv_reg_l2: 0.02037231202679451
