lpips: 0.010646033100783825
mse: 0.00047871225979179144
psnr: 33.337304710668676
ssim: 0.982546329498291
