lpips: 0.00926300324499607
mse: 0.00038906917325221
psnr: 34.35737291468635
ssim: 0.984913170337677
