iterations_per_sec: 23.0690701965252
train/distortion_loss: 0.001913262956841576
train/grad_norm: 0.0008248030061062162
train/interlevel_loss: 6.415912742000966e-05
train/iterations_per_sec: 23.0690701965252
train/l12_reg: 1.9656770927737457
train/loss: 0.0004810312365398112
train/mse: 0.00041495884340632746
train/psnr: 33.862186547481656
train/tv_reg_l1: 1.3331918174570256
train/tv_reg_l2: 1.4940828674971456
