lpips: 0.011190198361873627
mse: 0.000249101547524333
psnr: 36.136488865247635
ssim: 0.9764794111251831
