lpips: 0.015202525071799755
mse: 0.000452167761977762
psnr: 33.834279196697764
ssim: 0.9696078300476074
