iterations_per_sec: 41.470989579954434
train/distortion_loss: 0.003481521513407128
train/grad_norm: 0.016832176948699987
train/interlevel_loss: 0.000438667223800557
train/iterations_per_sec: 41.470989579954434
train/l12_reg: 0.4868265950318539
train/loss: 0.0014314297433810853
train/mse: 0.0002729383398980993
train/psnr: 35.7032882998688
train/tv_reg_l1: 0.07178206546138031
train/tv_reg_l2: 0.022951605852053622
