iterations_per_sec: 38.40750545589516
train/distortion_loss: 0.3778289303635106
train/grad_norm: 0.0806359431584074
train/interlevel_loss: 0.0030956889239299777
train/iterations_per_sec: 38.40750545589516
train/l12_reg: 1.0256150852550159
train/loss: 0.018356801979620047
train/mse: 0.014546754327837867
train/psnr: 18.374740985908893
train/tv_reg_l1: 0.16074843358511876
train/tv_reg_l2: 0.03365297239236157
