lpips: 0.02374557964503765
mse: 0.001207976252771914
psnr: 29.42130036667255
ssim: 0.9457828998565674
