lpips: 0.01775849610567093
mse: 0.0006169566768221557
psnr: 32.34252792605233
ssim: 0.9647291302680969
