iterations_per_sec: 50.07458274413427
train/distortion_loss: 0.006373579289312615
train/grad_norm: 0.001009001996311726
train/interlevel_loss: 0.00014389841780572133
train/iterations_per_sec: 50.07458274413427
train/l12_reg: 0.360514742256415
train/loss: 0.0013073130212065698
train/mse: 0.0006487136850759123
train/psnr: 31.91607588951034
train/tv_reg_l1: 0.04161631334761177
train/tv_reg_l2: 0.014781259216669233
