lpips: 0.009008295834064484
mse: 0.0002958350523840636
psnr: 35.59046743775149
ssim: 0.9834374785423279
