lpips: 0.011724204756319523
mse: 0.0003778690879698843
psnr: 34.433247949469425
ssim: 0.9799671769142151
