iterations_per_sec: 16.59011570394009
train/distortion_loss: 0.0010143666189502585
train/grad_norm: 0.012041591578210243
train/interlevel_loss: 0.00015290618804753806
train/iterations_per_sec: 16.59011570394009
train/l12_reg: 2.3094094811063823
train/loss: 0.00046280183655332134
train/mse: 0.00030888127785698145
train/psnr: 35.135436626395794
train/tv_reg_l1: 1.3854982816811763
train/tv_reg_l2: 1.70382300169781
