lpips: 0.03689296543598175
mse: 0.0020296494476497173
psnr: 27.42926330799347
ssim: 0.9296077489852905
