lpips: 0.022250449284911156
mse: 0.0006582531495951116
psnr: 32.03549238491052
ssim: 0.959898054599762
