iterations_per_sec: 16.663233133516403
train/distortion_loss: 0.013402225666049154
train/grad_norm: 0.03511919818743311
train/interlevel_loss: 0.0003857721487586998
train/iterations_per_sec: 16.663233133516403
train/l12_reg: 2.4908823894731924
train/loss: 0.001082739294177354
train/mse: 0.0006835649105734333
train/psnr: 31.685135330816713
train/tv_reg_l1: 1.888364532981256
train/tv_reg_l2: 2.9033600706042666
