iterations_per_sec: 17.22600955896198
train/distortion_loss: 0.2748386664221985
train/grad_norm: 0.15135192750680326
train/interlevel_loss: 0.001762104644016786
train/iterations_per_sec: 17.22600955896198
train/l12_reg: 2.408609315602466
train/loss: 0.00680107210358285
train/mse: 0.004764128810340407
train/psnr: 23.223016449899383
train/tv_reg_l1: 1.7757172993939332
train/tv_reg_l2: 2.3857388689060404
