lpips: 0.05050088092684746
mse: 0.003020765259861946
psnr: 25.435581320280185
ssim: 0.9311854839324951
