lpips: 0.042776964604854584
mse: 0.0015827927272766829
psnr: 28.08537365842466
ssim: 0.9463682770729065
