iterations_per_sec: 35.49606926617477
train/distortion_loss: 0.005159570769679667
train/grad_norm: 0.03888350168261865
train/interlevel_loss: 0.0003164497608638773
train/iterations_per_sec: 35.49606926617477
train/l12_reg: 0.5041392084323999
train/loss: 0.0027932827713701763
train/mse: 0.0016675480615554585
train/psnr: 27.802354138306896
train/tv_reg_l1: 0.08872167577948233
train/tv_reg_l2: 0.029998610210087564
