lpips: 0.1347619593143463
mse: 0.002955186879262328
psnr: 25.443863484072793
ssim: 0.8694932460784912
