iterations_per_sec: 46.413329431682854
train/distortion_loss: 0.005953061624872263
train/grad_norm: 0.028874801565902403
train/interlevel_loss: 0.000710174794111288
train/iterations_per_sec: 46.413329431682854
train/l12_reg: 0.8661514267776952
train/loss: 0.003529765781937073
train/mse: 0.0026957960846372927
train/psnr: 25.704211109816427
train/tv_reg_l1: 0.07169899434754343
train/tv_reg_l2: 0.011784186370369761
