lpips: 0.2891470193862915
mse: 0.006506005302071571
psnr: 22.075660963056443
ssim: 0.736907958984375
