iterations_per_sec: 50.198612801113065
train/distortion_loss: 0.030567155680572142
train/grad_norm: 0.09855102183240833
train/interlevel_loss: 0.0014027614202914815
train/iterations_per_sec: 50.198612801113065
train/l12_reg: 0.9743412124990213
train/loss: 0.006978206731604807
train/mse: 0.005354639740115163
train/psnr: 22.725922497836027
train/tv_reg_l1: 0.10158569109861297
train/tv_reg_l2: 0.01902384322249528
