lpips: 0.016914527863264084
mse: 0.0007712082588113844
psnr: 31.200341734581908
ssim: 0.9700568318367004
