lpips: 0.013871476985514164
mse: 0.0004892182187177241
psnr: 33.180220868392986
ssim: 0.9789448380470276
