iterations_per_sec: 36.438574523522384
train/distortion_loss: 0.007962726785641427
train/grad_norm: 0.014482954888595174
train/interlevel_loss: 0.000427756202759955
train/iterations_per_sec: 36.438574523522384
train/l12_reg: 0.4188561571968926
train/loss: 0.0016094688267324758
train/mse: 0.0005289495383469257
train/psnr: 32.79661010973381
train/tv_reg_l1: 0.08578781091203594
train/tv_reg_l2: 0.022594419279784866
