lpips: 0.01192092802375555
mse: 0.00036080359132029116
psnr: 34.77202655273251
ssim: 0.9786317348480225
