lpips: 0.01518035028129816
mse: 0.0004416852898430079
psnr: 33.74184593306361
ssim: 0.9749854803085327
