iterations_per_sec: 21.907831787568405
train/distortion_loss: 0.0009557914954252692
train/grad_norm: 0.0007777893451287063
train/interlevel_loss: 0.00021631238868017916
train/iterations_per_sec: 21.907831787568405
train/l12_reg: 2.1736173894670276
train/loss: 0.0005919683108463733
train/mse: 0.00037470013091359474
train/psnr: 34.29085876002456
train/tv_reg_l1: 1.2742700913939813
train/tv_reg_l2: 1.6164082601816967
