lpips: 0.016156913712620735
mse: 0.00047364726196974516
psnr: 33.61723349086828
ssim: 0.9686233401298523
