lpips: 0.011600269936025143
mse: 0.00026413347222842276
psnr: 35.887267045755635
ssim: 0.9755060076713562
