iterations_per_sec: 41.52813985573561
train/distortion_loss: 0.0035943661491866364
train/grad_norm: 0.019040660993807544
train/interlevel_loss: 0.0006044717391510729
train/iterations_per_sec: 41.52813985573561
train/l12_reg: 0.5627039568592803
train/loss: 0.0017373224207661068
train/mse: 0.0002923804638681538
train/psnr: 35.40659621267608
train/tv_reg_l1: 0.09072379602326287
train/tv_reg_l2: 0.027417186610024385
