lpips: 0.144709050655365
mse: 0.0031989747658371925
psnr: 25.08353524706612
ssim: 0.8637902736663818
