iterations_per_sec: 47.41463818769386
train/distortion_loss: 0.007005444600839506
train/grad_norm: 0.030289854967232906
train/interlevel_loss: 0.0006986595484465737
train/iterations_per_sec: 47.41463818769386
train/l12_reg: 0.8950816766180173
train/loss: 0.003767433117680026
train/mse: 0.0029372553143537407
train/psnr: 25.330969916449654
train/tv_reg_l1: 0.0763413082018043
train/tv_reg_l2: 0.012451281855729494
