lpips: 0.02211836539208889
mse: 0.000768335594329983
psnr: 31.371083490045965
ssim: 0.957648515701294
