lpips: 0.028140434995293617
mse: 0.001401250483468175
psnr: 28.743048753514582
ssim: 0.9382264614105225
