iterations_per_sec: 45.60809341976487
train/distortion_loss: 0.006430773266751056
train/grad_norm: 0.03395367835206215
train/interlevel_loss: 0.00016769816342863546
train/iterations_per_sec: 45.60809341976487
train/l12_reg: 0.42494911888633113
train/loss: 0.001599102705538348
train/mse: 0.000806813539273924
train/psnr: 30.955226320208926
train/tv_reg_l1: 0.05705898510988312
train/tv_reg_l2: 0.019321109553930734
