iterations_per_sec: 14.774913679987195
train/distortion_loss: 0.27344864817580794
train/grad_norm: 0.1407878478669157
train/interlevel_loss: 0.001133040263966629
train/iterations_per_sec: 14.774913679987195
train/l12_reg: 2.5343308810031777
train/loss: 0.003487094296048386
train/mse: 0.0020806054064928733
train/psnr: 26.827898661295574
train/tv_reg_l1: 1.7635476565120196
train/tv_reg_l2: 2.2798135352857187
