iterations_per_sec: 38.39516501156849
train/distortion_loss: 0.28995812721926756
train/grad_norm: 0.08363769557138886
train/interlevel_loss: 0.0023669918947335747
train/iterations_per_sec: 38.39516501156849
train/l12_reg: 1.0037553743882612
train/loss: 0.012129769227796733
train/mse: 0.009229752442075146
train/psnr: 20.3522852502688
train/tv_reg_l1: 0.11984424037162704
train/tv_reg_l2: 0.024306673443678654
