lpips: 0.08040578663349152
mse: 0.0006896447157487273
psnr: 31.663474117090455
ssim: 0.8899301886558533
