lpips: 0.07312580943107605
mse: 0.0008972567156888545
psnr: 30.61797962777647
ssim: 0.8931421041488647
