iterations_per_sec: 38.573733262261946
train/distortion_loss: 0.010754341541817694
train/grad_norm: 0.022228858348998157
train/interlevel_loss: 0.00038763757905631204
train/iterations_per_sec: 38.573733262261946
train/l12_reg: 0.5981025135878361
train/loss: 0.0019717087705779556
train/mse: 0.0007196681696281891
train/psnr: 31.455909016156436
train/tv_reg_l1: 0.0968751631150342
train/tv_reg_l2: 0.025554614047510454
