lpips: 0.012658962048590183
mse: 0.00045413075713440776
psnr: 33.505076827846864
ssim: 0.9805080890655518
