lpips: 0.014996829442679882
mse: 0.000686523737385869
psnr: 31.70014441796596
ssim: 0.972674548625946
