iterations_per_sec: 38.82070814580204
train/distortion_loss: 0.006276193342990045
train/grad_norm: 0.012650933022601436
train/interlevel_loss: 0.000379590427848708
train/iterations_per_sec: 38.82070814580204
train/l12_reg: 0.3820441783678652
train/loss: 0.001443694190432628
train/mse: 0.00047994700479180074
train/psnr: 33.22552463261768
train/tv_reg_l1: 0.06846850749218103
train/tv_reg_l2: 0.019583637873181188
