lpips: 0.08875945955514908
mse: 0.0011573616648092866
psnr: 29.579421035169005
ssim: 0.8791906833648682
