lpips: 0.0958821028470993
mse: 0.0008665045606903732
psnr: 30.658046851085352
ssim: 0.8743274807929993
