iterations_per_sec: 35.325075765383765
train/distortion_loss: 0.010780303118129572
train/grad_norm: 0.023621951342757904
train/interlevel_loss: 0.000341071814858364
train/iterations_per_sec: 35.325075765383765
train/l12_reg: 0.6014086802800497
train/loss: 0.002085085389100843
train/mse: 0.0008845853535787701
train/psnr: 30.558410875725023
train/tv_reg_l1: 0.09167496340744423
train/tv_reg_l2: 0.02472391959768955
