lpips: 0.1792510747909546
mse: 0.005467185750603676
psnr: 22.732368150727652
ssim: 0.8380030989646912
