iterations_per_sec: 29.206272333697296
train/distortion_loss: 0.007449472454762218
train/grad_norm: 0.09626539962159263
train/interlevel_loss: 0.0013676846324644908
train/iterations_per_sec: 29.206272333697296
train/l12_reg: 0.6436147214186312
train/loss: 0.006043821949549395
train/mse: 0.004519820549628801
train/psnr: 23.46581478311558
train/tv_reg_l1: 0.08028424854832467
train/tv_reg_l2: 0.014886733887698313
