lpips: 0.10560312122106552
mse: 0.001403726520948112
psnr: 28.601145892677
ssim: 0.9119579792022705
