iterations_per_sec: 48.124207890297654
train/distortion_loss: 0.008605432207460958
train/grad_norm: 0.025908639494593096
train/interlevel_loss: 0.0004998963732493458
train/iterations_per_sec: 48.124207890297654
train/l12_reg: 1.219317852848708
train/loss: 0.001900913324348177
train/mse: 0.0012866504222267504
train/psnr: 28.920060899522568
train/tv_reg_l1: 0.07055894955240115
train/tv_reg_l2: 0.010576109693507956
