lpips: 0.028192313387989998
mse: 0.0014038212830200791
psnr: 28.747608349392323
ssim: 0.9382470846176147
