lpips: 0.022471027448773384
mse: 0.000776736531406641
psnr: 31.325050534705706
ssim: 0.9572088122367859
