iterations_per_sec: 27.15095570518096
train/distortion_loss: 0.006422654067100298
train/grad_norm: 0.03391223485496911
train/interlevel_loss: 0.00024270354135131294
train/iterations_per_sec: 27.15095570518096
train/l12_reg: 0.4753512989993047
train/loss: 0.0017483119330735822
train/mse: 0.000810138676597765
train/psnr: 30.947095562713315
train/tv_reg_l1: 0.06711853965364321
train/tv_reg_l2: 0.02136957459151745
