lpips: 0.01403261162340641
mse: 0.0002476477238815278
psnr: 36.7506671982752
ssim: 0.9797282218933105
