lpips: 0.0123152956366539
mse: 0.0001519534271210432
psnr: 38.26147991232598
ssim: 0.9817835092544556
