iterations_per_sec: 54.84598910565415
train/distortion_loss: 0.0025901699560986024
train/grad_norm: 0.00038811421395759237
train/interlevel_loss: 8.195991202485701e-05
train/iterations_per_sec: 54.84598910565415
train/l12_reg: 0.31742794525743734
train/loss: 0.0006233794818105495
train/mse: 0.00015686967460417443
train/psnr: 38.07834320839005
train/tv_reg_l1: 0.0263687725733928
train/tv_reg_l2: 0.006453177294308188
