lpips: 0.0820545181632042
mse: 0.0012632060097530484
psnr: 29.52318185342834
ssim: 0.8789132833480835
