lpips: 0.0852208361029625
mse: 0.0008189142681658268
psnr: 30.90283051095421
ssim: 0.8773118853569031
