iterations_per_sec: 16.5787134787338
train/distortion_loss: 0.010864724884882118
train/grad_norm: 0.020780897957997188
train/interlevel_loss: 0.0005667136436459994
train/iterations_per_sec: 16.5787134787338
train/l12_reg: 2.1793369789316195
train/loss: 0.0014079349877482111
train/mse: 0.0008303566202003923
train/psnr: 30.829990810818142
train/tv_reg_l1: 1.4484127410734542
train/tv_reg_l2: 1.8271762987579963
