lpips: 0.0589272603392601
mse: 0.003755199024453759
psnr: 24.566200825688725
ssim: 0.9215914011001587
