lpips: 0.04671790078282356
mse: 0.0016621333779767156
psnr: 27.861373304093213
ssim: 0.941616952419281
