iterations_per_sec: 21.49894585287424
train/distortion_loss: 0.012390594675459644
train/grad_norm: 0.0020375338893364927
train/interlevel_loss: 0.00039793132166989674
train/iterations_per_sec: 21.49894585287424
train/l12_reg: 2.3859848325902764
train/loss: 0.0021470558836661053
train/mse: 0.001736733980119379
train/psnr: 27.621491595952197
train/tv_reg_l1: 1.8921322882777514
train/tv_reg_l2: 2.7317391116209704
