iterations_per_sec: 35.03356252163406
train/distortion_loss: 0.13884121585975995
train/grad_norm: 0.3544876954772256
train/interlevel_loss: 0.00155629095447372
train/iterations_per_sec: 35.03356252163406
train/l12_reg: 0.6384196793190157
train/loss: 0.008802420008137371
train/mse: 0.005796908095215607
train/psnr: 22.370068058823094
train/tv_reg_l1: 0.14579086065894425
train/tv_reg_l2: 0.0671959983730557
