lpips: 0.012286974117159843
mse: 0.00037343104486353695
psnr: 34.501224709370106
ssim: 0.9797059893608093
