lpips: 0.00912992749363184
mse: 0.0002917142119258642
psnr: 35.66244478086681
ssim: 0.9834076166152954
