iterations_per_sec: 16.26343521193981
train/distortion_loss: 0.0009418810591938896
train/grad_norm: 0.012141718604423181
train/interlevel_loss: 0.00014969538666503127
train/iterations_per_sec: 16.26343521193981
train/l12_reg: 2.221990679249619
train/loss: 0.0004555842618109903
train/mse: 0.0003049469957448015
train/psnr: 35.19598072707051
train/tv_reg_l1: 1.3488502719185569
train/tv_reg_l2: 1.5849841905362678
