lpips: 0.07974934577941895
mse: 0.0009876866824924946
psnr: 30.202791599800285
ssim: 0.8876906037330627
