lpips: 0.08705305308103561
mse: 0.0007465791422873735
psnr: 31.30233737845799
ssim: 0.8853141665458679
