iterations_per_sec: 37.13800880684528
train/distortion_loss: 0.011372883700662188
train/grad_norm: 0.02042374014854431
train/interlevel_loss: 0.0003359955697287476
train/iterations_per_sec: 37.13800880684528
train/l12_reg: 0.5875837766762936
train/loss: 0.0019442053967992767
train/mse: 0.00076691498874094
train/psnr: 31.176298815794667
train/tv_reg_l1: 0.09111442891034213
train/tv_reg_l2: 0.02423381589052051
