lpips: 0.015909887850284576
mse: 0.000716793816536665
psnr: 31.506262315296162
ssim: 0.9718828797340393
