lpips: 0.013640893623232841
mse: 0.0004878132895100862
psnr: 33.19064108891632
ssim: 0.9796649813652039
