iterations_per_sec: 38.63675104524594
train/distortion_loss: 0.005461539969676071
train/grad_norm: 0.012692774194433834
train/interlevel_loss: 0.0004455688429497784
train/iterations_per_sec: 38.63675104524594
train/l12_reg: 0.3549049836818618
train/loss: 0.0015057933121693857
train/mse: 0.0005209776281844825
train/psnr: 32.869737971912734
train/tv_reg_l1: 0.057525736063417765
train/tv_reg_l2: 0.01788803045120504
