lpips: 0.23192104697227478
mse: 0.010218572802841663
psnr: 19.971312660707504
ssim: 0.8021754622459412
