iterations_per_sec: 50.641599248028115
train/distortion_loss: 0.018933556804602795
train/grad_norm: 0.07476058338928704
train/interlevel_loss: 0.0011765373061702708
train/iterations_per_sec: 50.641599248028115
train/l12_reg: 0.8509718468694976
train/loss: 0.010222445580769669
train/mse: 0.008827854902718705
train/psnr: 20.5530632674092
train/tv_reg_l1: 0.10514750971336558
train/tv_reg_l2: 0.019911983586622006
