iterations_per_sec: 33.8316292767878
train/distortion_loss: 0.23625009258588156
train/grad_norm: 0.3442632062266571
train/interlevel_loss: 0.0021919980174814812
train/iterations_per_sec: 33.8316292767878
train/l12_reg: 0.7441851617109896
train/loss: 0.012092867254684067
train/mse: 0.008136495453954645
train/psnr: 20.899713246509283
train/tv_reg_l1: 0.20405347780747848
train/tv_reg_l2: 0.0783938393749372
