lpips: 0.0933135524392128
mse: 0.0008698654710315168
psnr: 30.638042361145278
ssim: 0.8746272921562195
