lpips: 0.087401382625103
mse: 0.0011847413843497634
psnr: 29.540129521141242
ssim: 0.8790441751480103
