iterations_per_sec: 49.21866883298725
train/distortion_loss: 0.01114706298091797
train/grad_norm: 0.021287875381684064
train/interlevel_loss: 0.0003250625062113007
train/iterations_per_sec: 49.21866883298725
train/l12_reg: 0.5557885555305866
train/loss: 0.0020088336284676887
train/mse: 0.0008810327471835971
train/psnr: 30.57439493892169
train/tv_reg_l1: 0.0869241635305713
train/tv_reg_l2: 0.023580274046069445
