lpips: 0.08823908865451813
mse: 0.0007915939204394817
psnr: 31.058909211434344
ssim: 0.8803427219390869
