lpips: 0.07977689057588577
mse: 0.000997781753540039
psnr: 30.135854938106778
ssim: 0.885252058506012
