iterations_per_sec: 44.7335719280669
train/distortion_loss: 0.009882730958663453
train/grad_norm: 0.023667920456089155
train/interlevel_loss: 0.0003265354666515545
train/iterations_per_sec: 44.7335719280669
train/l12_reg: 0.5740054466507651
train/loss: 0.0019661825223157956
train/mse: 0.0008110477191612426
train/psnr: 30.93714872032705
train/tv_reg_l1: 0.09067613179936554
train/tv_reg_l2: 0.024471111181709502
