lpips: 0.0443241223692894
mse: 0.00154545356053859
psnr: 28.173047217291554
ssim: 0.9442881941795349
