lpips: 0.06278719753026962
mse: 0.004356356803327799
psnr: 23.925992960759086
ssim: 0.9173398017883301
