iterations_per_sec: 16.97132740564776
train/distortion_loss: 0.021812512906211796
train/grad_norm: 0.03976741670207544
train/interlevel_loss: 0.0008419612181523457
train/iterations_per_sec: 16.97132740564776
train/l12_reg: 2.3879532284206815
train/loss: 0.0024496575869205925
train/mse: 0.0015858838562806598
train/psnr: 28.0195158563479
train/tv_reg_l1: 1.8277702777072637
train/tv_reg_l2: 2.3115196830094464
