iterations_per_sec: 30.065951818695495
train/distortion_loss: 0.15143077451773365
train/grad_norm: 0.23688006401062012
train/interlevel_loss: 0.0014951058341227848
train/iterations_per_sec: 30.065951818695495
train/l12_reg: 0.7374140644314313
train/loss: 0.005815659419191305
train/mse: 0.0028416096124647544
train/psnr: 25.471400077896888
train/tv_reg_l1: 0.1886779721638169
train/tv_reg_l2: 0.05900990628082343
