lpips: 0.014924361370503902
mse: 0.00047332647955045104
psnr: 33.31267164392246
ssim: 0.9788718223571777
