lpips: 0.02023862861096859
mse: 0.000998963019810617
psnr: 30.125973031826266
ssim: 0.9666295051574707
