iterations_per_sec: 17.19164341937428
train/distortion_loss: 0.016998461005513114
train/grad_norm: 0.01568678037423377
train/interlevel_loss: 0.0006430108103703594
train/iterations_per_sec: 17.19164341937428
train/l12_reg: 2.498025737627588
train/loss: 0.0011672099412541198
train/mse: 0.0005072006682931173
train/psnr: 32.979698508676854
train/tv_reg_l1: 1.9808133563610038
train/tv_reg_l2: 2.7246864131002715
