iterations_per_sec: 55.25394052932813
train/distortion_loss: 0.04663953516218397
train/grad_norm: 0.07321696641920793
train/interlevel_loss: 0.000805925460875674
train/iterations_per_sec: 55.25394052932813
train/l12_reg: 0.3648512830035855
train/loss: 0.004703717259219801
train/mse: 0.0032888332104329208
train/psnr: 24.83323447872894
train/tv_reg_l1: 0.05372892064277572
train/tv_reg_l2: 0.01974677350936514
