iterations_per_sec: 34.50088407558771
train/distortion_loss: 0.30802550671076534
train/grad_norm: 0.17182281748815018
train/interlevel_loss: 0.0012030231300741434
train/iterations_per_sec: 34.50088407558771
train/l12_reg: 0.8646864632163385
train/loss: 0.006933863364122432
train/mse: 0.0037441558293960613
train/psnr: 24.270043729531643
train/tv_reg_l1: 0.24473610896654804
train/tv_reg_l2: 0.08139724570392358
