iterations_per_sec: 41.04620200732601
train/distortion_loss: 0.4225951445223105
train/grad_norm: 0.06282593291064706
train/interlevel_loss: 0.0021419799722016157
train/iterations_per_sec: 41.04620200732601
train/l12_reg: 0.7351694125117678
train/loss: 0.023352987593924155
train/mse: 0.020495286418331995
train/psnr: 16.885136440546827
train/tv_reg_l1: 0.1313113770400635
train/tv_reg_l2: 0.02931259418226252
