lpips: 0.011600395664572716
mse: 0.000278383435215801
psnr: 35.658640206204296
ssim: 0.974702775478363
