lpips: 0.015437845140695572
mse: 0.00046026811469346285
psnr: 33.7038224276625
ssim: 0.9689673781394958
