iterations_per_sec: 49.842643583610574
train/distortion_loss: 0.0031352361000961428
train/grad_norm: 0.023041989767190182
train/interlevel_loss: 0.0006114024324389645
train/iterations_per_sec: 49.842643583610574
train/l12_reg: 0.5237733167831344
train/loss: 0.0016873669704761016
train/mse: 0.00029338999813648337
train/psnr: 35.375420618538904
train/tv_reg_l1: 0.08022146152727531
train/tv_reg_l2: 0.025566598645063363
