lpips: 0.03920850530266762
mse: 0.0014201406156644225
psnr: 28.55068197401279
ssim: 0.9512209892272949
