lpips: 0.04941749945282936
mse: 0.0032906553242355585
psnr: 25.163555816132046
ssim: 0.9326391816139221
