iterations_per_sec: 40.53760575788745
train/distortion_loss: 0.007006919618244424
train/grad_norm: 0.0392222571083241
train/interlevel_loss: 0.0003587609028203808
train/iterations_per_sec: 40.53760575788745
train/l12_reg: 0.5003843241267734
train/loss: 0.002675197654018047
train/mse: 0.0015103650288750426
train/psnr: 28.232599759342694
train/tv_reg_l1: 0.09089643771600242
train/tv_reg_l2: 0.029868043996769972
