iterations_per_sec: 20.23275840988044
train/distortion_loss: 0.22438727514912385
train/grad_norm: 0.13877134341182132
train/interlevel_loss: 0.0012159631928579525
train/iterations_per_sec: 20.23275840988044
train/l12_reg: 0.7000525804481121
train/loss: 0.0044785996550938695
train/mse: 0.0017796644771640952
train/psnr: 27.505183653397992
train/tv_reg_l1: 0.17218167221907413
train/tv_reg_l2: 0.055853211142198
