lpips: 0.16550923883914948
mse: 0.004967100918292999
psnr: 23.165130877050206
ssim: 0.8434176445007324
