iterations_per_sec: 49.60357719397585
train/distortion_loss: 0.011086853625572692
train/grad_norm: 0.07662159210127412
train/interlevel_loss: 0.0013747787387627694
train/iterations_per_sec: 49.60357719397585
train/l12_reg: 0.7883125284705499
train/loss: 0.005751947627750912
train/mse: 0.004238094214933237
train/psnr: 23.745695769184767
train/tv_reg_l1: 0.08049824088811874
train/tv_reg_l2: 0.012798778138904258
