lpips: 0.015567374415695667
mse: 0.0007045878446660936
psnr: 31.58747926133721
ssim: 0.9717715382575989
