lpips: 0.01328141801059246
mse: 0.00047397191519849
psnr: 33.317885057233696
ssim: 0.9796927571296692
