iterations_per_sec: 36.86224972993155
train/distortion_loss: 0.005884354675395621
train/grad_norm: 0.013932225214449144
train/interlevel_loss: 0.00036656851068872845
train/iterations_per_sec: 36.86224972993155
train/l12_reg: 0.385219622742046
train/loss: 0.0014720464035906274
train/mse: 0.000510958958513602
train/psnr: 32.94036782389939
train/tv_reg_l1: 0.06735091362938736
train/tv_reg_l2: 0.02034149548471576
