iterations_per_sec: 45.81200205529349
train/distortion_loss: 0.16400289941917767
train/grad_norm: 0.3417644007037384
train/interlevel_loss: 0.0017734498862703942
train/iterations_per_sec: 45.81200205529349
train/l12_reg: 0.7712677091059058
train/loss: 0.00925807866521857
train/mse: 0.005817716287430188
train/psnr: 22.35563501685557
train/tv_reg_l1: 0.2049384792946806
train/tv_reg_l2: 0.07316417796443207
