iterations_per_sec: 38.223952759639104
train/distortion_loss: 0.04881328905020097
train/grad_norm: 0.016433114712738027
train/interlevel_loss: 0.0002728858930317478
train/iterations_per_sec: 38.223952759639104
train/l12_reg: 0.6362724514922711
train/loss: 0.028234671312149125
train/mse: 0.02785677756323959
train/psnr: 15.551685371784249
train/tv_reg_l1: 0.03424530638137249
train/tv_reg_l2: 0.0056194668927352235
