lpips: 0.13764415681362152
mse: 0.002914331154897809
psnr: 25.375282017597737
ssim: 0.9154728055000305
