iterations_per_sec: 47.34024943592885
train/distortion_loss: 0.00492333738377901
train/grad_norm: 0.06995576926779867
train/interlevel_loss: 0.0005636689102634637
train/iterations_per_sec: 47.34024943592885
train/l12_reg: 0.8289333160477456
train/loss: 0.003500341788178893
train/mse: 0.0027593301675009605
train/psnr: 25.618376645174894
train/tv_reg_l1: 0.092364738460141
train/tv_reg_l2: 0.017241936572121853
