lpips: 0.01454271748661995
mse: 0.000270473858108744
psnr: 36.61252306287304
ssim: 0.9788038730621338
