lpips: 0.0115872947499156
mse: 0.0001490644208388403
psnr: 38.344521353186295
ssim: 0.9816562533378601
