iterations_per_sec: 16.107124537898507
train/distortion_loss: 0.003013503441417759
train/grad_norm: 0.0075935377795813665
train/interlevel_loss: 9.923217602949025e-05
train/iterations_per_sec: 16.107124537898507
train/l12_reg: 1.9502676400271328
train/loss: 0.00025430190491000887
train/mse: 0.00015205622420204107
train/psnr: 38.21258537215416
train/tv_reg_l1: 1.0921651582525234
train/tv_reg_l2: 1.0779297676953403
