lpips: 0.03993652015924454
mse: 0.002412362489849329
psnr: 26.66872371167794
ssim: 0.9257283210754395
