lpips: 0.02235453762114048
mse: 0.0006415400421246886
psnr: 32.13940599266028
ssim: 0.9604731798171997
