iterations_per_sec: 16.221441717811885
train/distortion_loss: 0.016782649877396496
train/grad_norm: 0.028428414742452928
train/interlevel_loss: 0.0004706766275275085
train/iterations_per_sec: 16.221441717811885
train/l12_reg: 2.52812494653644
train/loss: 0.0011563706676231114
train/mse: 0.0006689113929910077
train/psnr: 31.77780399900494
train/tv_reg_l1: 1.9533985178880018
train/tv_reg_l2: 2.998737828900116
