iterations_per_sec: 15.982680437684285
train/distortion_loss: 0.14204722688053595
train/grad_norm: 0.36109371889721265
train/interlevel_loss: 0.004043199199562271
train/iterations_per_sec: 15.982680437684285
train/l12_reg: 2.2989272156147043
train/loss: 0.009537877928879526
train/mse: 0.005352631549943577
train/psnr: 22.717278104839902
train/tv_reg_l1: 1.6889095306396484
train/tv_reg_l2: 2.254673875943579
