lpips: 0.10257238149642944
mse: 0.00138008501380682
psnr: 28.707255759168657
ssim: 0.9136416912078857
