iterations_per_sec: 29.026935013773933
train/distortion_loss: 0.008367721217148232
train/grad_norm: 0.02544948971369351
train/interlevel_loss: 0.00031978015480986374
train/iterations_per_sec: 29.026935013773933
train/l12_reg: 1.45791786367243
train/loss: 0.0016875459937228247
train/mse: 0.0012425370044027917
train/psnr: 29.072767122827393
train/tv_reg_l1: 0.08345946150295662
train/tv_reg_l2: 0.011686111668670418
