lpips: 0.10522199422121048
mse: 0.0013467362150549889
psnr: 28.782251861783333
ssim: 0.9136232137680054
