iterations_per_sec: 46.62973774996308
train/distortion_loss: 0.007401825446221564
train/grad_norm: 0.028831572196625098
train/interlevel_loss: 0.00030300488185156324
train/iterations_per_sec: 46.62973774996308
train/l12_reg: 1.024057266688106
train/loss: 0.0016240437533894573
train/mse: 0.0012217407241802323
train/psnr: 29.145285596751204
train/tv_reg_l1: 0.06594726872263533
train/tv_reg_l2: 0.009189632457840925
