lpips: 0.012432699091732502
mse: 0.00015301200619433075
psnr: 38.22627946850372
ssim: 0.9817771911621094
