lpips: 0.014741208404302597
mse: 0.0002748738625086844
psnr: 36.588121137115174
ssim: 0.9793424010276794
