iterations_per_sec: 38.90044124053523
train/distortion_loss: 0.0025513907776900913
train/grad_norm: 0.009658763258050035
train/interlevel_loss: 9.901627132109356e-05
train/iterations_per_sec: 38.90044124053523
train/l12_reg: 0.33731098427917017
train/loss: 0.0006704681942173552
train/mse: 0.00015925694444578968
train/psnr: 38.01427663937964
train/tv_reg_l1: 0.02913515836075701
train/tv_reg_l2: 0.0072332597996174084
