lpips: 0.12864921987056732
mse: 0.005291349720209837
psnr: 22.822969309067865
ssim: 0.8759236931800842
