iterations_per_sec: 51.30835772244737
train/distortion_loss: 0.010918994180180809
train/grad_norm: 0.03376302614130757
train/interlevel_loss: 0.0003922365731065811
train/iterations_per_sec: 51.30835772244737
train/l12_reg: 0.7195969982580706
train/loss: 0.005084873638068786
train/mse: 0.0045248982684705594
train/psnr: 23.454389109756008
train/tv_reg_l1: 0.08813091841610995
train/tv_reg_l2: 0.015681979124142667
