lpips: 0.1058330237865448
mse: 0.0014544007135555148
psnr: 28.444446467385276
ssim: 0.9105072617530823
