iterations_per_sec: 48.2484733871228
train/distortion_loss: 0.009215402727325758
train/grad_norm: 0.031437884117805896
train/interlevel_loss: 0.0003028706103008278
train/iterations_per_sec: 48.2484733871228
train/l12_reg: 0.930699965568504
train/loss: 0.0017472825817425144
train/mse: 0.0013425750258105873
train/psnr: 28.73665060178198
train/tv_reg_l1: 0.0683911144733429
train/tv_reg_l2: 0.009262153944659113
