iterations_per_sec: 43.9911770827773
train/distortion_loss: 0.16238727668921152
train/grad_norm: 0.13235232256578677
train/interlevel_loss: 0.0014297708462114739
train/iterations_per_sec: 43.9911770827773
train/l12_reg: 0.7411967299201272
train/loss: 0.02431478134986728
train/mse: 0.022251966475236296
train/psnr: 16.528346938316268
train/tv_reg_l1: 0.14793332538219414
train/tv_reg_l2: 0.047065656180634644
