lpips: 0.010708456858992577
mse: 0.00047746123163960874
psnr: 33.33351353458337
ssim: 0.9828481078147888
