lpips: 0.009514711797237396
mse: 0.00040898588486015797
psnr: 34.09874413430622
ssim: 0.984650731086731
