iterations_per_sec: 28.05363560317687
train/distortion_loss: 0.0009471536302384026
train/grad_norm: 0.037087451403189184
train/interlevel_loss: 0.00010031251308233054
train/iterations_per_sec: 28.05363560317687
train/l12_reg: 0.2796371832038417
train/loss: 0.0009146494017161354
train/mse: 0.000439879185204968
train/psnr: 33.619241155759255
train/tv_reg_l1: 0.027032637065558723
train/tv_reg_l2: 0.009387336248023943
