lpips: 0.2269083857536316
mse: 0.009927915409207344
psnr: 20.096621280134876
ssim: 0.8047989010810852
