iterations_per_sec: 51.52937089698867
train/distortion_loss: 0.01003500610364206
train/grad_norm: 0.07402989422582616
train/interlevel_loss: 0.0008159626241199522
train/iterations_per_sec: 51.52937089698867
train/l12_reg: 1.0659039405861286
train/loss: 0.009610574955892081
train/mse: 0.008579708584066894
train/psnr: 20.676708857218426
train/tv_reg_l1: 0.10689798057681382
train/tv_reg_l2: 0.020486878757976522
