lpips: 0.13259391486644745
mse: 0.005336141213774681
psnr: 22.77856689016343
ssim: 0.8737106919288635
