iterations_per_sec: 50.610822738135326
train/distortion_loss: 0.011701665414177408
train/grad_norm: 0.030718884637786284
train/interlevel_loss: 0.0004317190491058158
train/iterations_per_sec: 50.610822738135326
train/l12_reg: 0.826116407760466
train/loss: 0.005157907968481081
train/mse: 0.004543259683432001
train/psnr: 23.435370050295436
train/tv_reg_l1: 0.1038556241928929
train/tv_reg_l2: 0.017122759624864117
