lpips: 0.021377287805080414
mse: 0.0011283246567472816
psnr: 29.669546999611548
ssim: 0.9646230340003967
