lpips: 0.015630610287189484
mse: 0.0005029820022173226
psnr: 33.045264020498344
ssim: 0.977896511554718
