iterations_per_sec: 16.53389687147135
train/distortion_loss: 0.01797825237265741
train/grad_norm: 0.01616361855783246
train/interlevel_loss: 0.0006664417404211079
train/iterations_per_sec: 16.53389687147135
train/l12_reg: 2.5158530822908034
train/loss: 0.0012084302043241233
train/mse: 0.0005240102032213613
train/psnr: 32.83482647905446
train/tv_reg_l1: 2.0276758815302993
train/tv_reg_l2: 2.861979506232522
