iterations_per_sec: 39.93130488005682
train/distortion_loss: 0.47201630593550326
train/grad_norm: 0.04739660233484976
train/interlevel_loss: 0.0015148397457475464
train/iterations_per_sec: 39.93130488005682
train/l12_reg: 0.8557310260907568
train/loss: 0.009221533238135203
train/mse: 0.007008068860894201
train/psnr: 21.549016624990134
train/tv_reg_l1: 0.12474801993430262
train/tv_reg_l2: 0.02266083223124345
