iterations_per_sec: 41.07828052905634
train/distortion_loss: 0.4612266490555773
train/grad_norm: 0.06488935480063612
train/interlevel_loss: 0.0022342831691294306
train/iterations_per_sec: 41.07828052905634
train/l12_reg: 0.797322872913245
train/loss: 0.023368892513892868
train/mse: 0.02039052517802426
train/psnr: 16.907717964865945
train/tv_reg_l1: 0.12957218816184035
train/tv_reg_l2: 0.028285738099554574
