lpips: 0.013062281534075737
mse: 0.0005326633690856397
psnr: 32.86511588399185
ssim: 0.9802270531654358
