lpips: 0.010988319292664528
mse: 0.0004350421659182757
psnr: 33.847566888767204
ssim: 0.9826997518539429
