iterations_per_sec: 21.857871698644733
train/distortion_loss: 0.0019293590813329576
train/grad_norm: 0.0008634316542119991
train/interlevel_loss: 0.00010328967567542661
train/iterations_per_sec: 21.857871698644733
train/l12_reg: 1.9383681229870728
train/loss: 0.0005691940955008672
train/mse: 0.00046397505870154784
train/psnr: 33.374665693803266
train/tv_reg_l1: 1.411116655426796
train/tv_reg_l2: 1.5942013733314746
