iterations_per_sec: 46.70685024441618
train/distortion_loss: 0.23313120127928377
train/grad_norm: 0.3810461067190074
train/interlevel_loss: 0.002307471184229309
train/iterations_per_sec: 46.70685024441618
train/l12_reg: 0.7610096997684903
train/loss: 0.012559109094618546
train/mse: 0.00849012141539292
train/psnr: 20.714686518967753
train/tv_reg_l1: 0.20794008672237396
train/tv_reg_l2: 0.07673756183698924
