lpips: 0.15684203803539276
mse: 0.005425244569778442
psnr: 22.780319784394297
ssim: 0.8420724272727966
