iterations_per_sec: 52.26764396557318
train/distortion_loss: 0.007455184844068505
train/grad_norm: 0.07855764633477336
train/interlevel_loss: 0.00025157508016399326
train/iterations_per_sec: 52.26764396557318
train/l12_reg: 0.7602913187007712
train/loss: 0.004925298551567877
train/mse: 0.004507384695714772
train/psnr: 23.475629035872643
train/tv_reg_l1: 0.08386392658106004
train/tv_reg_l2: 0.015888361693030657
