lpips: 0.011389095336198807
mse: 0.0001482219813624397
psnr: 38.36255124075401
ssim: 0.9816993474960327
