lpips: 0.01450418122112751
mse: 0.0002724065270740539
psnr: 36.64358266294991
ssim: 0.9787595272064209
