iterations_per_sec: 15.530691733551748
train/distortion_loss: 0.0032494019862791203
train/grad_norm: 0.007680736954860164
train/interlevel_loss: 0.00010202882064428802
train/iterations_per_sec: 15.530691733551748
train/l12_reg: 1.9381347376890856
train/loss: 0.0002570831917421516
train/mse: 0.00015180496943731218
train/psnr: 38.223716889969026
train/tv_reg_l1: 1.1033574703967932
train/tv_reg_l2: 1.087417002880212
