lpips: 0.13691551983356476
mse: 0.0028718202374875546
psnr: 25.436442805305933
ssim: 0.9161379933357239
