iterations_per_sec: 51.9947108139663
train/distortion_loss: 0.0047052821586604674
train/grad_norm: 0.07227700907323095
train/interlevel_loss: 0.0005285586109925814
train/iterations_per_sec: 51.9947108139663
train/l12_reg: 0.8385077751044071
train/loss: 0.0034795135889917313
train/mse: 0.0027754817256760416
train/psnr: 25.593138434670188
train/tv_reg_l1: 0.0938624819420805
train/tv_reg_l2: 0.017076795657325273
