lpips: 0.23487553000450134
mse: 0.009691039100289345
psnr: 20.18983858833195
ssim: 0.8038720488548279
