iterations_per_sec: 46.99514689926632
train/distortion_loss: 0.011622442318258262
train/grad_norm: 0.07472906156320765
train/interlevel_loss: 0.0012185189618983052
train/iterations_per_sec: 46.99514689926632
train/l12_reg: 0.8856271944864832
train/loss: 0.009956186289212318
train/mse: 0.008531062454549652
train/psnr: 20.70166630215115
train/tv_reg_l1: 0.10128571830614648
train/tv_reg_l2: 0.019498247822577305
