lpips: 0.014482179656624794
mse: 0.00017076153017114848
psnr: 37.740997581176075
ssim: 0.9797046780586243
