lpips: 0.016489630565047264
mse: 0.0002657064178492874
psnr: 36.389599140293896
ssim: 0.9775547981262207
