iterations_per_sec: 55.39225218486764
train/distortion_loss: 0.0027965528965748923
train/grad_norm: 0.008730581658186786
train/interlevel_loss: 0.00010263648473850518
train/iterations_per_sec: 55.39225218486764
train/l12_reg: 0.35109585613915417
train/loss: 0.0007088121133762402
train/mse: 0.00017456921451605123
train/psnr: 37.61110725788155
train/tv_reg_l1: 0.03263627421675307
train/tv_reg_l2: 0.007771400255009983
