lpips: 0.055160652846097946
mse: 0.003554827533662319
psnr: 24.75958820608635
ssim: 0.9265851378440857
