lpips: 0.04366479068994522
mse: 0.0015552290715277195
psnr: 28.155168793701677
ssim: 0.9457700848579407
