iterations_per_sec: 50.16367139071518
train/distortion_loss: 0.013687233148951723
train/grad_norm: 0.04325855920335861
train/interlevel_loss: 0.0006042667200102123
train/iterations_per_sec: 50.16367139071518
train/l12_reg: 0.563150446222286
train/loss: 0.003143075578422709
train/mse: 0.0016349212600463869
train/psnr: 27.890276398321596
train/tv_reg_l1: 0.11446520309857648
train/tv_reg_l2: 0.032704987723116925
