lpips: 0.1473069190979004
mse: 0.004485645797103643
psnr: 23.594272912274818
ssim: 0.8224513530731201
