iterations_per_sec: 50.6406049604562
train/distortion_loss: 0.010623014268625264
train/grad_norm: 0.060784914239187436
train/interlevel_loss: 0.0007055408410690349
train/iterations_per_sec: 50.6406049604562
train/l12_reg: 1.0341343036805741
train/loss: 0.00489569946916567
train/mse: 0.004016785148644086
train/psnr: 23.97239534782641
train/tv_reg_l1: 0.08750392090190541
train/tv_reg_l2: 0.01627504959175683
