iterations_per_sec: 17.92884586384075
train/distortion_loss: 0.2464473069918276
train/grad_norm: 0.13189299148742598
train/interlevel_loss: 0.0017830383825125267
train/iterations_per_sec: 17.92884586384075
train/l12_reg: 2.5763017023452606
train/loss: 0.007208457503543057
train/mse: 0.005178971813446042
train/psnr: 22.86123219885007
train/tv_reg_l1: 1.7909219650307087
train/tv_reg_l2: 2.5154159430301553
