lpips: 0.014179841615259647
mse: 0.00025519111659377813
psnr: 36.67168386960554
ssim: 0.9786627888679504
