lpips: 0.011652005836367607
mse: 0.0001513875904493034
psnr: 38.274167350207584
ssim: 0.9812649488449097
