iterations_per_sec: 17.03154454263882
train/distortion_loss: 0.0028072452605372726
train/grad_norm: 0.008054966610301324
train/interlevel_loss: 0.00010593116483027868
train/iterations_per_sec: 17.03154454263882
train/l12_reg: 2.172719466565835
train/loss: 0.00026272781042739596
train/mse: 0.00015398940094099898
train/psnr: 38.16188253537573
train/tv_reg_l1: 1.3163999969309026
train/tv_reg_l2: 1.5376318669078326
