lpips: 0.012064792215824127
mse: 0.0002745407691691071
psnr: 35.72650395832166
ssim: 0.9740106463432312
