lpips: 0.01679515652358532
mse: 0.0004984532133676112
psnr: 33.36471176955218
ssim: 0.9667137265205383
