iterations_per_sec: 16.815086150655883
train/distortion_loss: 0.003560038443391371
train/grad_norm: 0.01656948077501823
train/interlevel_loss: 0.0007124049389132797
train/iterations_per_sec: 16.815086150655883
train/l12_reg: 2.4190672286833177
train/loss: 0.0010152830427155048
train/mse: 0.00029931806446514044
train/psnr: 35.29540730486013
train/tv_reg_l1: 1.424383763110999
train/tv_reg_l2: 1.9681879534865871
