lpips: 0.011475460603833199
mse: 0.0003632437437772751
psnr: 34.61267472687389
ssim: 0.9805572628974915
