lpips: 0.009100244380533695
mse: 0.00029519753297790885
psnr: 35.63884640733758
ssim: 0.9837396740913391
