iterations_per_sec: 54.98753270256556
train/distortion_loss: 0.0009377412474479037
train/grad_norm: 0.0005222911651909465
train/interlevel_loss: 0.00012554569437986973
train/iterations_per_sec: 54.98753270256556
train/l12_reg: 0.34297317718014575
train/loss: 0.0008903426680281156
train/mse: 0.0003075257030132255
train/psnr: 35.15498864530313
train/tv_reg_l1: 0.03269370457138678
train/tv_reg_l2: 0.01133603322310279
