lpips: 0.009839314967393875
mse: 0.00031390530057251453
psnr: 35.34736172705802
ssim: 0.9822469353675842
