lpips: 0.012860545888543129
mse: 0.0004017057945020497
psnr: 34.17605596458381
ssim: 0.9785259366035461
