iterations_per_sec: 16.666067510135107
train/distortion_loss: 0.0010874972965643562
train/grad_norm: 0.01346776978291496
train/interlevel_loss: 0.00016701521647087477
train/iterations_per_sec: 16.666067510135107
train/l12_reg: 2.1922518267776026
train/loss: 0.0004978322331685422
train/mse: 0.00032972951782420464
train/psnr: 34.854723728064336
train/tv_reg_l1: 1.2523613566099996
train/tv_reg_l2: 1.415763051822932
