lpips: 0.04022127762436867
mse: 0.0014177123084664345
psnr: 28.557213459413404
ssim: 0.9494549632072449
