lpips: 0.05354837328195572
mse: 0.003654175903648138
psnr: 24.697826791432373
ssim: 0.9270530939102173
