iterations_per_sec: 34.56902094139762
train/distortion_loss: 0.01820592157015897
train/grad_norm: 0.04380172278468657
train/interlevel_loss: 0.0007733348180831533
train/iterations_per_sec: 34.56902094139762
train/l12_reg: 0.5762634373674489
train/loss: 0.0031886765418216736
train/mse: 0.0014937104059928896
train/psnr: 28.282438355262833
train/tv_reg_l1: 0.1147405794172576
train/tv_reg_l2: 0.03271619350922228
