lpips: 0.043531350791454315
mse: 0.001611441490240395
psnr: 28.00592854478891
ssim: 0.9461328387260437
