lpips: 0.05335235968232155
mse: 0.003215294796973467
psnr: 25.18552327011313
ssim: 0.9295652508735657
