iterations_per_sec: 26.69281114994878
train/distortion_loss: 0.006875873943132283
train/grad_norm: 0.039956803612335764
train/interlevel_loss: 0.0003814148408539518
train/iterations_per_sec: 26.69281114994878
train/l12_reg: 0.5336992252956737
train/loss: 0.0029342222671880566
train/mse: 0.001694378517144783
train/psnr: 27.732280326612067
train/tv_reg_l1: 0.09702182884770211
train/tv_reg_l2: 0.03178537742357061
