lpips: 0.1278371959924698
mse: 0.002757553942501545
psnr: 25.61955760838914
ssim: 0.9206708669662476
