iterations_per_sec: 47.51418514534033
train/distortion_loss: 0.0028942849609361154
train/grad_norm: 0.06612994446597918
train/interlevel_loss: 0.00033913241614672273
train/iterations_per_sec: 47.51418514534033
train/l12_reg: 0.9591180802595736
train/loss: 0.0031385246683100256
train/mse: 0.002615453174450632
train/psnr: 25.85546901972607
train/tv_reg_l1: 0.09168905192854429
train/tv_reg_l2: 0.018104479939799117
