lpips: 0.010669434443116188
mse: 0.000473554217023775
psnr: 33.38572285090203
ssim: 0.9826114177703857
