lpips: 0.009117692708969116
mse: 0.00037797715049237013
psnr: 34.47223419544998
ssim: 0.9850999712944031
