iterations_per_sec: 20.671379087464103
train/distortion_loss: 0.0019951048213047813
train/grad_norm: 0.0008298475601042461
train/interlevel_loss: 5.891737461265299e-05
train/iterations_per_sec: 20.671379087464103
train/l12_reg: 1.9241829737268312
train/loss: 0.0004665432765379059
train/mse: 0.00040563079822488656
train/psnr: 33.974162959089185
train/tv_reg_l1: 1.3485333341540713
train/tv_reg_l2: 1.4841046742718629
