lpips: 0.05316393822431564
mse: 0.0034171072766184807
psnr: 24.98283324927972
ssim: 0.9263047575950623
