lpips: 0.04052393510937691
mse: 0.0014245897764340043
psnr: 28.540353866119123
ssim: 0.9483882188796997
