iterations_per_sec: 34.37717106216106
train/distortion_loss: 0.017485006326677825
train/grad_norm: 0.03702857138382064
train/interlevel_loss: 0.0006701062766204805
train/iterations_per_sec: 34.37717106216106
train/l12_reg: 0.5585754001983488
train/loss: 0.0031056181395972015
train/mse: 0.0015110407351525594
train/psnr: 28.22932725000863
train/tv_reg_l1: 0.12708363478833978
train/tv_reg_l2: 0.03484106854055867
