lpips: 0.15870913863182068
mse: 0.0050144256092607975
psnr: 23.091672297409968
ssim: 0.8155270218849182
