iterations_per_sec: 51.79056734078459
train/distortion_loss: 0.013487492386966643
train/grad_norm: 0.06368929397954483
train/interlevel_loss: 0.0007405050752703288
train/iterations_per_sec: 51.79056734078459
train/l12_reg: 0.9795724466593578
train/loss: 0.005492745922182245
train/mse: 0.004554566645035238
train/psnr: 23.425134312022816
train/tv_reg_l1: 0.09542813528366763
train/tv_reg_l2: 0.01841867289910413
