lpips: 0.12985360622406006
mse: 0.005267155822366476
psnr: 22.838197610056064
ssim: 0.8759817481040955
