iterations_per_sec: 51.7396299850816
train/distortion_loss: 0.012214400956049712
train/grad_norm: 0.03517008125029429
train/interlevel_loss: 0.0004797204226523525
train/iterations_per_sec: 51.7396299850816
train/l12_reg: 0.7249331992081921
train/loss: 0.005168735505918963
train/mse: 0.004502418112348427
train/psnr: 23.475470899331448
train/tv_reg_l1: 0.09892657542168493
train/tv_reg_l2: 0.017438254874162
