iterations_per_sec: 41.92856848539753
train/distortion_loss: 0.3583006729381253
train/grad_norm: 0.08744367765206279
train/interlevel_loss: 0.0026904165584857418
train/iterations_per_sec: 41.92856848539753
train/l12_reg: 1.0197304836427323
train/loss: 0.026914944119676196
train/mse: 0.02357900221690987
train/psnr: 16.276698757903745
train/tv_reg_l1: 0.13959009222912067
train/tv_reg_l2: 0.028722474596115075
