iterations_per_sec: 42.75863064489971
train/distortion_loss: 0.02690031723768422
train/grad_norm: 0.1476246499352985
train/interlevel_loss: 0.0006994992245289714
train/iterations_per_sec: 42.75863064489971
train/l12_reg: 0.6185706998362686
train/loss: 0.015891654144107092
train/mse: 0.014500212940302763
train/psnr: 18.38984497147377
train/tv_reg_l1: 0.14063543367265452
train/tv_reg_l2: 0.06650416575597995
