lpips: 0.042938657104969025
mse: 0.0016066543757915497
psnr: 28.019159981471994
ssim: 0.9463450908660889
