lpips: 0.05150720477104187
mse: 0.003184989094734192
psnr: 25.23241163245377
ssim: 0.9304128289222717
