iterations_per_sec: 55.96664498999794
train/distortion_loss: 0.007135929314024521
train/grad_norm: 0.041539667023703306
train/interlevel_loss: 0.0003372851633960663
train/iterations_per_sec: 55.96664498999794
train/l12_reg: 0.5232931387544882
train/loss: 0.0028667305854873527
train/mse: 0.0016840185377408159
train/psnr: 27.755327147666854
train/tv_reg_l1: 0.09689160985778077
train/tv_reg_l2: 0.031499782182050476
