lpips: 0.04293302074074745
mse: 0.001491363043896854
psnr: 28.331748684082054
ssim: 0.9457448720932007
