lpips: 0.06163973733782768
mse: 0.0043940357863903046
psnr: 23.90932895148706
ssim: 0.9183962941169739
