iterations_per_sec: 15.362830302185257
train/distortion_loss: 0.023178737177842794
train/grad_norm: 0.03333226858515932
train/interlevel_loss: 0.0008358402898525725
train/iterations_per_sec: 15.362830302185257
train/l12_reg: 2.433771398332384
train/loss: 0.0024181759605805078
train/mse: 0.0015591569115511244
train/psnr: 28.09576610603718
train/tv_reg_l1: 1.832775436266504
train/tv_reg_l2: 2.3903734346832892
