lpips: 0.009319869801402092
mse: 0.00030105459154583514
psnr: 35.51767655042376
ssim: 0.9832445383071899
