lpips: 0.011973096057772636
mse: 0.00038699567085132003
psnr: 34.335859697322995
ssim: 0.9797752499580383
