iterations_per_sec: 17.239385708304905
train/distortion_loss: 0.0010413651864956876
train/grad_norm: 0.011765343334638712
train/interlevel_loss: 0.00015394463829432773
train/iterations_per_sec: 17.239385708304905
train/l12_reg: 2.421533536429357
train/loss: 0.0004670910650130474
train/mse: 0.00031210506373705965
train/psnr: 35.093886096068104
train/tv_reg_l1: 1.2971310747994318
train/tv_reg_l2: 1.5796876206542507
