lpips: 0.011940999887883663
mse: 0.0005273747374303639
psnr: 32.90215982293411
ssim: 0.9811969995498657
