lpips: 0.01062009297311306
mse: 0.0004505598626565188
psnr: 33.67600053060506
ssim: 0.9831597208976746
