iterations_per_sec: 65.67911829631161
train/distortion_loss: 0.001136673866027985
train/grad_norm: 0.0006370718351029085
train/interlevel_loss: 0.00013631690392621105
train/iterations_per_sec: 65.67911829631161
train/l12_reg: 0.28584133224053815
train/loss: 0.0010054856033130275
train/mse: 0.0004775159668313772
train/psnr: 33.25662572456129
train/tv_reg_l1: 0.026916896943191087
train/tv_reg_l2: 0.010467472298051974
