lpips: 0.08181098848581314
mse: 0.0011708848178386688
psnr: 29.563533377150108
ssim: 0.8770430088043213
