lpips: 0.0885709822177887
mse: 0.0008568881312385201
psnr: 30.70260813735458
ssim: 0.8738637566566467
