iterations_per_sec: 12.767651077563855
train/distortion_loss: 0.011886145016460709
train/grad_norm: 0.019648355949256156
train/interlevel_loss: 0.0006167035846208984
train/iterations_per_sec: 12.767651077563855
train/l12_reg: 2.211660146713257
train/loss: 0.0014944187661802227
train/mse: 0.0008658290437347434
train/psnr: 30.652527857308435
train/tv_reg_l1: 1.349951982498169
train/tv_reg_l2: 1.645313601301174
