lpips: 0.03846592828631401
mse: 0.002044499618932605
psnr: 27.238567550581948
ssim: 0.9277809262275696
