lpips: 0.022882340475916862
mse: 0.0006781145348213613
psnr: 31.896562434345206
ssim: 0.958905816078186
