iterations_per_sec: 16.68444175448511
train/distortion_loss: 0.013558911733479813
train/grad_norm: 0.03043918205293441
train/interlevel_loss: 0.0003962937843600156
train/iterations_per_sec: 16.68444175448511
train/l12_reg: 2.5734030646507184
train/loss: 0.0011217474756348464
train/mse: 0.0007118947775752256
train/psnr: 31.51366711626149
train/tv_reg_l1: 1.9580908857210717
train/tv_reg_l2: 3.120498310435902
