lpips: 0.1314830183982849
mse: 0.0017329170368611813
psnr: 27.688046503351824
ssim: 0.9007878303527832
