iterations_per_sec: 51.0061617830898
train/distortion_loss: 0.011209377840236581
train/grad_norm: 0.030094895013278784
train/interlevel_loss: 0.00027262669549361245
train/iterations_per_sec: 51.0061617830898
train/l12_reg: 0.9704332568428733
train/loss: 0.001966926443268253
train/mse: 0.001587035327284324
train/psnr: 28.008324016224254
train/tv_reg_l1: 0.06902232796254784
train/tv_reg_l2: 0.009605505927042528
