lpips: 0.011276301927864552
mse: 0.00036041944986209273
psnr: 34.63900526081561
ssim: 0.9807206988334656
