lpips: 0.008990217000246048
mse: 0.0002938277611974627
psnr: 35.65500540207642
ssim: 0.9838303923606873
