iterations_per_sec: 54.57084620983606
train/distortion_loss: 0.0009764721899321585
train/grad_norm: 0.0005374702347461322
train/interlevel_loss: 0.00011326821131109627
train/iterations_per_sec: 54.57084620983606
train/l12_reg: 0.34943301960675405
train/loss: 0.0008883741454955077
train/mse: 0.00030946947876458065
train/psnr: 35.12526602696891
train/tv_reg_l1: 0.03325905425078941
train/tv_reg_l2: 0.011522695647947716
