lpips: 0.04314206540584564
mse: 0.0014704675413668156
psnr: 28.38890506780669
ssim: 0.9457203149795532
