lpips: 0.061121150851249695
mse: 0.004244520794600248
psnr: 24.036393447208855
ssim: 0.919486939907074
