iterations_per_sec: 16.15412478037435
train/distortion_loss: 0.023435683431799966
train/grad_norm: 0.0350114849932266
train/interlevel_loss: 0.0008023290429264307
train/iterations_per_sec: 16.15412478037435
train/l12_reg: 2.46884524220168
train/loss: 0.002365875831626431
train/mse: 0.0015401110885608377
train/psnr: 28.146923489040798
train/tv_reg_l1: 1.8013546972563772
train/tv_reg_l2: 2.428536771523832
