lpips: 0.016801990568637848
mse: 0.000590967305470258
psnr: 32.51680796204558
ssim: 0.9664013385772705
