lpips: 0.02248399704694748
mse: 0.001209185109473765
psnr: 29.43863284483614
ssim: 0.9467090368270874
