iterations_per_sec: 40.847999938955994
train/distortion_loss: 0.00648025373429662
train/grad_norm: 0.034140118595325585
train/interlevel_loss: 0.0001456687737531452
train/iterations_per_sec: 40.847999938955994
train/l12_reg: 0.3734423780080044
train/loss: 0.0013046445303850553
train/mse: 0.0006278787640798273
train/psnr: 32.0533816019694
train/tv_reg_l1: 0.04430281848768995
train/tv_reg_l2: 0.015117435433873625
