lpips: 0.1514381468296051
mse: 0.0032181721180677414
psnr: 25.076158191333075
ssim: 0.8606148362159729
