iterations_per_sec: 51.579576797731974
train/distortion_loss: 0.007831109457207148
train/grad_norm: 0.032706208564717364
train/interlevel_loss: 0.0010127837556847042
train/iterations_per_sec: 51.579576797731974
train/l12_reg: 0.8947855854275251
train/loss: 0.0040904099046431405
train/mse: 0.0029447111442233577
train/psnr: 25.3214783138699
train/tv_reg_l1: 0.07926141222318013
train/tv_reg_l2: 0.012508387423374435
