lpips: 0.08016099035739899
mse: 0.0010416059521958232
psnr: 30.010283006609633
ssim: 0.8857945203781128
