lpips: 0.08703006058931351
mse: 0.0007779638981446624
psnr: 31.123630386288678
ssim: 0.883480966091156
