iterations_per_sec: 41.54600011928809
train/distortion_loss: 0.011252438931754141
train/grad_norm: 0.02092897454088535
train/interlevel_loss: 0.0003874258463379146
train/iterations_per_sec: 41.54600011928809
train/l12_reg: 0.6062312788433499
train/loss: 0.002059334805564522
train/mse: 0.0008027124591406924
train/psnr: 30.98244684392756
train/tv_reg_l1: 0.09331673692272167
train/tv_reg_l2: 0.025171275730385925
