iterations_per_sec: 20.3457033472125
train/distortion_loss: 0.31772436246727453
train/grad_norm: 0.15175375658454318
train/interlevel_loss: 0.0009820271539737028
train/iterations_per_sec: 20.3457033472125
train/l12_reg: 0.8196491454586838
train/loss: 0.006571845809994924
train/mse: 0.0036787691201563134
train/psnr: 24.347111018017085
train/tv_reg_l1: 0.22857145543652352
train/tv_reg_l2: 0.07736759994066122
