lpips: 0.00874585285782814
mse: 0.0004269175115041435
psnr: 33.833462597941086
ssim: 0.9851329326629639
