lpips: 0.007315537426620722
mse: 0.0003509831440169364
psnr: 34.766017943183215
ssim: 0.9872336387634277
