iterations_per_sec: 38.716264511367434
train/distortion_loss: 0.00125966410180836
train/grad_norm: 0.033067692334603785
train/interlevel_loss: 0.00014638658489495742
train/iterations_per_sec: 38.716264511367434
train/l12_reg: 0.2550708094630579
train/loss: 0.0008706844980931944
train/mse: 0.00038050088033108324
train/psnr: 34.254385977080375
train/tv_reg_l1: 0.022722703357688105
train/tv_reg_l2: 0.008746653607096335
