iterations_per_sec: 11.927938816923838
train/distortion_loss: 0.20604630055451634
train/grad_norm: 0.3297936296222186
train/interlevel_loss: 0.0031734870186997484
train/iterations_per_sec: 11.927938816923838
train/l12_reg: 2.2820799904640277
train/loss: 0.009112817207069107
train/mse: 0.005733283885726423
train/psnr: 22.41898413378783
train/tv_reg_l1: 1.7079518130331328
train/tv_reg_l2: 2.609751937365291
