lpips: 0.01230732910335064
mse: 0.00015341761172749102
psnr: 38.216930864942576
ssim: 0.9818578362464905
