lpips: 0.014904115349054337
mse: 0.0002575063845142722
psnr: 36.67363160234277
ssim: 0.9796364307403564
