iterations_per_sec: 41.5346438595803
train/distortion_loss: 0.0026771555151414088
train/grad_norm: 0.009377898175664472
train/interlevel_loss: 9.302380843137419e-05
train/iterations_per_sec: 41.5346438595803
train/l12_reg: 0.3460711520729643
train/loss: 0.0006735093322479062
train/mse: 0.00015824789480033396
train/psnr: 38.040768440323646
train/tv_reg_l1: 0.030677685081356702
train/tv_reg_l2: 0.007348929865831378
