iterations_per_sec: 38.45357118289661
train/distortion_loss: 0.7855953315291742
train/grad_norm: 0.1196624772867771
train/interlevel_loss: 0.0024455077217120412
train/iterations_per_sec: 38.45357118289661
train/l12_reg: 1.418289551831255
train/loss: 0.023888928815722466
train/mse: 0.020324134691195053
train/psnr: 16.92118821962915
train/tv_reg_l1: 0.14563405287988257
train/tv_reg_l2: 0.03336909481070258
