lpips: 0.2808482348918915
mse: 0.006156153045594692
psnr: 22.287995609030336
ssim: 0.7416433691978455
