iterations_per_sec: 32.10032886881984
train/distortion_loss: 0.02994262142991177
train/grad_norm: 0.09282880404380837
train/interlevel_loss: 0.0009288423138463662
train/iterations_per_sec: 32.10032886881984
train/l12_reg: 1.30007440032381
train/loss: 0.006240470311369257
train/mse: 0.0050548250278966
train/psnr: 22.97620312854497
train/tv_reg_l1: 0.12838238568016977
train/tv_reg_l2: 0.022686038373245135
