iterations_per_sec: 40.26148064796356
train/distortion_loss: 0.5493372793149467
train/grad_norm: 0.058934920966023145
train/interlevel_loss: 0.0016307611785114113
train/iterations_per_sec: 40.26148064796356
train/l12_reg: 0.9247538664124229
train/loss: 0.020539805255453996
train/mse: 0.018076313038667042
train/psnr: 17.430931688559177
train/tv_reg_l1: 0.1463246061043306
train/tv_reg_l2: 0.02833938884614694
