iterations_per_sec: 37.23320703765557
train/distortion_loss: 0.5317153328596943
train/grad_norm: 0.08113558161439317
train/interlevel_loss: 0.002456015766118512
train/iterations_per_sec: 37.23320703765557
train/l12_reg: 0.9448523075893672
train/loss: 0.01657164842831065
train/mse: 0.013332046587208305
train/psnr: 18.75429097570554
train/tv_reg_l1: 0.13187522373416208
train/tv_reg_l2: 0.025187063830518962
