lpips: 0.01359764114022255
mse: 0.00041618148679845035
psnr: 34.03357233651534
ssim: 0.976999044418335
