lpips: 0.011162463575601578
mse: 0.000347626133589074
psnr: 34.95749725850145
ssim: 0.9802145957946777
