iterations_per_sec: 22.96574669303565
train/distortion_loss: 0.0009446365522418284
train/grad_norm: 0.0007221723743244027
train/interlevel_loss: 0.00015281336990566078
train/iterations_per_sec: 22.96574669303565
train/l12_reg: 2.119056725742841
train/loss: 0.0005127414370148509
train/mse: 0.0003589834262983817
train/psnr: 34.477303398980034
train/tv_reg_l1: 1.1721061034636064
train/tv_reg_l2: 1.4362017915706442
