lpips: 0.05223860219120979
mse: 0.0032204866874963045
psnr: 25.183687157671297
ssim: 0.9289956092834473
