lpips: 0.043306756764650345
mse: 0.001608442049473524
psnr: 28.01402002218447
ssim: 0.9458774328231812
