iterations_per_sec: 55.13844933308508
train/distortion_loss: 0.008059479536093546
train/grad_norm: 0.042361545141297155
train/interlevel_loss: 0.0003697130957858242
train/iterations_per_sec: 55.13844933308508
train/l12_reg: 0.5329989833061142
train/loss: 0.0029136893960336843
train/mse: 0.0016792455118977362
train/psnr: 27.76941540265324
train/tv_reg_l1: 0.10224611455141897
train/tv_reg_l2: 0.03236723205808437
