lpips: 0.10750965774059296
mse: 0.004114887677133083
psnr: 23.955033776292865
ssim: 0.8727167248725891
