iterations_per_sec: 47.54813071590395
train/distortion_loss: 0.006501205787627083
train/grad_norm: 0.0789558296797402
train/interlevel_loss: 0.0003486918065005518
train/iterations_per_sec: 47.54813071590395
train/l12_reg: 0.7094518740971884
train/loss: 0.003800828336747457
train/mse: 0.003332871993100553
train/psnr: 24.79092690438935
train/tv_reg_l1: 0.06738995738101727
train/tv_reg_l2: 0.011276332699138709
