lpips: 0.013810627162456512
mse: 0.00030974511173553765
psnr: 35.20693670650632
ssim: 0.9717546105384827
