lpips: 0.01815641298890114
mse: 0.0005261068581603467
psnr: 33.12534849684287
ssim: 0.9652783274650574
