iterations_per_sec: 54.273603796107736
train/distortion_loss: 0.003294631707096341
train/grad_norm: 0.021598609559463734
train/interlevel_loss: 0.0005968137946440791
train/iterations_per_sec: 54.273603796107736
train/l12_reg: 0.5376575950420264
train/loss: 0.0017308920452540572
train/mse: 0.0003301270167646704
train/psnr: 34.863920038396664
train/tv_reg_l1: 0.08221667207250691
train/tv_reg_l2: 0.026299898183406
