lpips: 0.014821183867752552
mse: 0.00026691259699873626
psnr: 36.58251975526512
ssim: 0.9788559675216675
