lpips: 0.011738019064068794
mse: 0.0001520131918368861
psnr: 38.2532428315358
ssim: 0.9815453886985779
