iterations_per_sec: 16.33864138177512
train/distortion_loss: 0.0026965418482443903
train/grad_norm: 0.009265431245280937
train/interlevel_loss: 0.00012948165113821326
train/iterations_per_sec: 16.33864138177512
train/l12_reg: 2.231512498373937
train/loss: 0.00028649012771590304
train/mse: 0.00015431193422027535
train/psnr: 38.15150104869496
train/tv_reg_l1: 1.2381656868289215
train/tv_reg_l2: 1.4107970119726778
