lpips: 0.024948811158537865
mse: 0.0013009029207751155
psnr: 29.100294934652155
ssim: 0.9430312514305115
