lpips: 0.01884213462471962
mse: 0.0006661563529632986
psnr: 31.99253619434744
ssim: 0.9631157517433167
