iterations_per_sec: 36.09391612821181
train/distortion_loss: 0.006548732994218366
train/grad_norm: 0.03291015242311088
train/interlevel_loss: 0.00022158471925061836
train/iterations_per_sec: 36.09391612821181
train/l12_reg: 0.4593285514850809
train/loss: 0.001583402540130221
train/mse: 0.0007035574041462193
train/psnr: 31.55672948047368
train/tv_reg_l1: 0.06174012604686949
train/tv_reg_l2: 0.01923831064969
