lpips: 0.011008678935468197
mse: 0.00026160103152506053
psnr: 35.92111593139989
ssim: 0.9756858944892883
