lpips: 0.015050241723656654
mse: 0.0004678422992583364
psnr: 33.6901640485267
ssim: 0.969736635684967
