iterations_per_sec: 16.824721033172278
train/distortion_loss: 0.0033245104708417195
train/grad_norm: 0.017566583222813077
train/interlevel_loss: 0.0008004473932698896
train/iterations_per_sec: 16.824721033172278
train/l12_reg: 2.313247902224762
train/loss: 0.0010853483978978762
train/mse: 0.0002815764943594019
train/psnr: 35.56478627522787
train/tv_reg_l1: 1.3940340557483712
train/tv_reg_l2: 1.9551128112908565
