iterations_per_sec: 41.57763741721886
train/distortion_loss: 0.27665990892082754
train/grad_norm: 0.07113469023295123
train/interlevel_loss: 0.0026718971738121425
train/iterations_per_sec: 41.57763741721886
train/l12_reg: 0.9639581080639001
train/loss: 0.012935275409483549
train/mse: 0.009723292042811712
train/psnr: 20.126048251835986
train/tv_reg_l1: 0.1289131058888002
train/tv_reg_l2: 0.02634262673632063
