iterations_per_sec: 17.510202134481812
train/distortion_loss: 0.257307779457834
train/grad_norm: 0.15908085058132806
train/interlevel_loss: 0.0013931787730373367
train/iterations_per_sec: 17.510202134481812
train/l12_reg: 2.5123892673338304
train/loss: 0.003664562422217745
train/mse: 0.002014075843335101
train/psnr: 26.969500358658607
train/tv_reg_l1: 1.7036803876510773
train/tv_reg_l2: 2.1120830401025636
