lpips: 0.04302479699254036
mse: 0.001607450540177524
psnr: 28.008538802999382
ssim: 0.9465402364730835
