lpips: 0.0506925955414772
mse: 0.00314026465639472
psnr: 25.26275137481477
ssim: 0.9312231540679932
