iterations_per_sec: 66.33756076950985
train/distortion_loss: 0.004718488362156833
train/grad_norm: 0.001563178293049486
train/interlevel_loss: 0.00025655708562070034
train/iterations_per_sec: 66.33756076950985
train/l12_reg: 0.484418202530254
train/loss: 0.002713273246443332
train/mse: 0.001694174622176121
train/psnr: 27.733829633154052
train/tv_reg_l1: 0.07686767094966138
train/tv_reg_l2: 0.027340484971199373
