lpips: 0.2353399246931076
mse: 0.0050993128679692745
psnr: 23.03620798624504
ssim: 0.7584466338157654
