iterations_per_sec: 51.74918662901401
train/distortion_loss: 0.015614975874095854
train/grad_norm: 0.07978591488467322
train/interlevel_loss: 0.0005837707777949746
train/iterations_per_sec: 51.74918662901401
train/l12_reg: 0.9718661175833808
train/loss: 0.005157124086499515
train/mse: 0.004392137795667907
train/psnr: 23.586179579147185
train/tv_reg_l1: 0.09423120876755377
train/tv_reg_l2: 0.01656005806242577
