lpips: 0.010476794093847275
mse: 0.0005165157490409911
psnr: 33.04500586491346
ssim: 0.982818603515625
