lpips: 0.008461352437734604
mse: 0.00035154118086211383
psnr: 34.767155559010234
ssim: 0.9858346581459045
