iterations_per_sec: 16.76834916135371
train/distortion_loss: 0.004121987678279931
train/grad_norm: 0.02826991661291833
train/interlevel_loss: 0.00014409700955671137
train/iterations_per_sec: 16.76834916135371
train/l12_reg: 2.0588419822731403
train/loss: 0.000526521229091091
train/mse: 0.00037830223175320735
train/psnr: 34.269980151243885
train/tv_reg_l1: 1.4742147802102445
train/tv_reg_l2: 1.7614465145149616
