lpips: 0.009128887206315994
mse: 0.0002998750424012542
psnr: 35.554164293096264
ssim: 0.9832538366317749
