lpips: 0.012026945129036903
mse: 0.00038249671342782676
psnr: 34.39632136715315
ssim: 0.9795689582824707
