iterations_per_sec: 16.301355646666643
train/distortion_loss: 0.0009520807241164901
train/grad_norm: 0.01215395795162579
train/interlevel_loss: 0.00015905498061917082
train/iterations_per_sec: 16.301355646666643
train/l12_reg: 2.3663277626037598
train/loss: 0.00047006025690481893
train/mse: 0.00031005319400756345
train/psnr: 35.120844446047386
train/tv_reg_l1: 1.273179292678833
train/tv_reg_l2: 1.4968541968952527
