iterations_per_sec: 14.862677050107157
train/distortion_loss: 0.0633171187958332
train/grad_norm: 0.12085889227161503
train/interlevel_loss: 0.0010836579439446631
train/iterations_per_sec: 14.862677050107157
train/l12_reg: 2.052751716941294
train/loss: 0.0022368194521263695
train/mse: 0.0010898443746775615
train/psnr: 29.6310363345676
train/tv_reg_l1: 1.4598736004395918
train/tv_reg_l2: 1.9832544627815787
