lpips: 0.018874941393733025
mse: 0.0005371111910790205
psnr: 33.02165719778906
ssim: 0.9639819860458374
