lpips: 0.014235573820769787
mse: 0.00031710314215160906
psnr: 35.09987209302225
ssim: 0.9710723161697388
