iterations_per_sec: 56.503409933760196
train/distortion_loss: 0.003632740599733561
train/grad_norm: 0.02058533721631675
train/interlevel_loss: 0.0005114363803942171
train/iterations_per_sec: 56.503409933760196
train/l12_reg: 0.5613497712395408
train/loss: 0.0016987541481156391
train/mse: 0.0003412828173351973
train/psnr: 34.724395385896315
train/tv_reg_l1: 0.09341271567826319
train/tv_reg_l2: 0.028105239562615
