iterations_per_sec: 34.62581577350609
train/distortion_loss: 0.21863648491074342
train/grad_norm: 0.16624696620485999
train/interlevel_loss: 0.001441186532669823
train/iterations_per_sec: 34.62581577350609
train/l12_reg: 0.7232225224225208
train/loss: 0.00464274472265382
train/mse: 0.0017373071386093141
train/psnr: 27.610816628041892
train/tv_reg_l1: 0.16504155806820803
train/tv_reg_l2: 0.05223920407018276
