lpips: 0.008787266910076141
mse: 0.0004206799785606563
psnr: 33.882930610923246
ssim: 0.9849063158035278
