lpips: 0.007464195601642132
mse: 0.0003557079762686044
psnr: 34.726739361785214
ssim: 0.9870088696479797
