iterations_per_sec: 37.088605500336875
train/distortion_loss: 0.0012073303652795576
train/grad_norm: 0.03654800096733703
train/interlevel_loss: 0.00013585567597542052
train/iterations_per_sec: 37.088605500336875
train/l12_reg: 0.25848737298840224
train/loss: 0.0008723408588198851
train/mse: 0.00038875888438067504
train/psnr: 34.16228986027265
train/tv_reg_l1: 0.02249338746898704
train/tv_reg_l2: 0.008803157013549346
