iterations_per_sec: 21.994283075796396
train/distortion_loss: 0.03006112201120516
train/grad_norm: 0.09171960096467625
train/interlevel_loss: 0.00034344266109977557
train/iterations_per_sec: 21.994283075796396
train/l12_reg: 0.5586681492400892
train/loss: 0.0015513009963218462
train/mse: 0.000403156961758875
train/psnr: 33.96949833571309
train/tv_reg_l1: 0.09384249880759403
train/tv_reg_l2: 0.021597206968851763
