lpips: 0.09463629871606827
mse: 0.0008673449628986418
psnr: 30.651433006887924
ssim: 0.8747531175613403
