lpips: 0.08758477121591568
mse: 0.001158206956461072
psnr: 29.5739963716475
ssim: 0.8788632154464722
