iterations_per_sec: 50.81186118888902
train/distortion_loss: 0.011318834310378691
train/grad_norm: 0.024332110139757696
train/interlevel_loss: 0.0003966622097497674
train/iterations_per_sec: 50.81186118888902
train/l12_reg: 0.6158729147429418
train/loss: 0.0021674876980897454
train/mse: 0.0008861481316735723
train/psnr: 30.549139947602242
train/tv_reg_l1: 0.09892176257239448
train/tv_reg_l2: 0.025748558154310843
