lpips: 0.10331109911203384
mse: 0.0013153636828064919
psnr: 28.889606915831983
ssim: 0.9151585102081299
