iterations_per_sec: 51.61483353364974
train/distortion_loss: 0.007527591651211483
train/grad_norm: 0.03000072113266497
train/interlevel_loss: 0.00033712934178177907
train/iterations_per_sec: 51.61483353364974
train/l12_reg: 0.9934493977614124
train/loss: 0.0016558254325781206
train/mse: 0.0012188469391372619
train/psnr: 29.157669741697987
train/tv_reg_l1: 0.06615060793631004
train/tv_reg_l2: 0.009232155254317654
