lpips: 0.061655111610889435
mse: 0.0042411028407514095
psnr: 24.02799345048844
ssim: 0.9186844825744629
