lpips: 0.04474605247378349
mse: 0.0015454983804374933
psnr: 28.170208831219462
ssim: 0.943906307220459
