iterations_per_sec: 16.591665749303665
train/distortion_loss: 0.022268122438379008
train/grad_norm: 0.041607316508136614
train/interlevel_loss: 0.0007702118853539831
train/iterations_per_sec: 16.591665749303665
train/l12_reg: 2.443602701630255
train/loss: 0.0024118848154415385
train/mse: 0.0016194048109511383
train/psnr: 27.92903825008508
train/tv_reg_l1: 1.7985044416755136
train/tv_reg_l2: 2.4039978282620207
