iterations_per_sec: 35.492878255236405
train/distortion_loss: 0.26818911354951186
train/grad_norm: 0.1520514039680211
train/interlevel_loss: 0.0011559831510025143
train/iterations_per_sec: 35.492878255236405
train/l12_reg: 0.872938790104606
train/loss: 0.007418082288532245
train/mse: 0.004581652210103442
train/psnr: 23.395071742510556
train/tv_reg_l1: 0.1868664583172461
train/tv_reg_l2: 0.05393189218158674
