iterations_per_sec: 15.047366630089932
train/distortion_loss: 0.36621501198922746
train/grad_norm: 0.2973695904618562
train/interlevel_loss: 0.004237872637770694
train/iterations_per_sec: 15.047366630089932
train/l12_reg: 2.108926043365941
train/loss: 0.01224925471563833
train/mse: 0.007645167057599985
train/psnr: 21.170756580853702
train/tv_reg_l1: 1.693844412312363
train/tv_reg_l2: 2.4575850650517626
