lpips: 0.015228834003210068
mse: 0.00043520814506337047
psnr: 33.829607711310544
ssim: 0.9761911034584045
