lpips: 0.011808854527771473
mse: 0.0003517691802699119
psnr: 34.885430991907754
ssim: 0.9801336526870728
