iterations_per_sec: 39.57882736677298
train/distortion_loss: 0.0011523566955484149
train/grad_norm: 0.0006188334232182101
train/interlevel_loss: 0.00017255185612340956
train/iterations_per_sec: 39.57882736677298
train/l12_reg: 0.44386195323683997
train/loss: 0.001152717884667594
train/mse: 0.0003660850328595537
train/psnr: 34.39695485432943
train/tv_reg_l1: 0.05568437191723573
train/tv_reg_l2: 0.01690666533705562
