lpips: 0.13318315148353577
mse: 0.005242467392235994
psnr: 22.852618890095858
ssim: 0.8740786910057068
