iterations_per_sec: 29.98638864647104
train/distortion_loss: 0.009560954465408517
train/grad_norm: 0.034213990951427305
train/interlevel_loss: 0.00037481585156520585
train/iterations_per_sec: 29.98638864647104
train/l12_reg: 0.8723167734916764
train/loss: 0.005032341795587781
train/mse: 0.004482506165243309
train/psnr: 23.49390536606914
train/tv_reg_l1: 0.09769004794082256
train/tv_reg_l2: 0.016545886117400543
