iterations_per_sec: 45.60750193233188
train/distortion_loss: 0.10206447616972104
train/grad_norm: 0.3903190645605627
train/interlevel_loss: 0.001709112202551103
train/iterations_per_sec: 45.60750193233188
train/l12_reg: 0.8227669018687624
train/loss: 0.008298439453497078
train/mse: 0.005029125548334736
train/psnr: 22.988940749505552
train/tv_reg_l1: 0.19894193278418648
train/tv_reg_l2: 0.06353704096994015
