lpips: 0.014068485237658024
mse: 0.0004289493663236499
psnr: 34.02188144628781
ssim: 0.9702969193458557
