lpips: 0.010669889859855175
mse: 0.00025874865241348743
psnr: 35.95821820696035
ssim: 0.9753984808921814
