iterations_per_sec: 50.48842551392508
train/distortion_loss: 0.003126103478022898
train/grad_norm: 0.018670925371950926
train/interlevel_loss: 0.0004948625182897567
train/iterations_per_sec: 50.48842551392508
train/l12_reg: 0.47190178253433923
train/loss: 0.0014723594091136498
train/mse: 0.00027607075371450244
train/psnr: 35.652006130025846
train/tv_reg_l1: 0.06923603462149398
train/tv_reg_l2: 0.022639824491408136
