lpips: 0.05100027099251747
mse: 0.003321298398077488
psnr: 25.087105460525827
ssim: 0.9305758476257324
