lpips: 0.039555445313453674
mse: 0.0014242317993193865
psnr: 28.541610143224933
ssim: 0.950438916683197
