iterations_per_sec: 41.362945834777584
train/distortion_loss: 0.010900991536074817
train/grad_norm: 0.03732188226598682
train/interlevel_loss: 0.00045106566312365387
train/iterations_per_sec: 41.362945834777584
train/l12_reg: 0.5288792938897104
train/loss: 0.002820494765829709
train/mse: 0.0015102297425119563
train/psnr: 28.232858734901505
train/tv_reg_l1: 0.10707944232707071
train/tv_reg_l2: 0.03194190708525253
