lpips: 0.14211012423038483
mse: 0.003106486750766635
psnr: 25.226633573692737
ssim: 0.864991307258606
