iterations_per_sec: 47.734897132294954
train/distortion_loss: 0.0070000248302639735
train/grad_norm: 0.028015838305682245
train/interlevel_loss: 0.0007364514761256299
train/iterations_per_sec: 47.734897132294954
train/l12_reg: 0.885015733314283
train/loss: 0.003695312280659423
train/mse: 0.0028295919435531503
train/psnr: 25.49361799220846
train/tv_reg_l1: 0.07369411804459312
train/tv_reg_l2: 0.01222688298333775
