iterations_per_sec: 44.02148909396241
train/distortion_loss: 0.1441250994349971
train/grad_norm: 0.13020450633132097
train/interlevel_loss: 0.0011877989798614924
train/iterations_per_sec: 44.02148909396241
train/l12_reg: 0.8547145302849587
train/loss: 0.024025071393510306
train/mse: 0.022205969187045337
train/psnr: 16.537024180094402
train/tv_reg_l1: 0.14833841390079922
train/tv_reg_l2: 0.04871782957754954
