iterations_per_sec: 44.81810170598048
train/distortion_loss: 0.1436061239001727
train/grad_norm: 0.3600213033984406
train/interlevel_loss: 0.0017978769299019167
train/iterations_per_sec: 44.81810170598048
train/l12_reg: 0.6657187926648843
train/loss: 0.009831010232293847
train/mse: 0.006535950356699301
train/psnr: 21.848745442400077
train/tv_reg_l1: 0.14302285497236733
train/tv_reg_l2: 0.06878580243298502
