iterations_per_sec: 17.205415223474812
train/distortion_loss: 0.29670439133740434
train/grad_norm: 0.38562621221397864
train/interlevel_loss: 0.006071075660675162
train/iterations_per_sec: 17.205415223474812
train/l12_reg: 2.3274645805358887
train/loss: 0.03162206814746664
train/mse: 0.025254288029791128
train/psnr: 15.978105381281688
train/tv_reg_l1: 1.7729316781265567
train/tv_reg_l2: 2.5374371909131908
