lpips: 0.013967905193567276
mse: 0.00016595417400822043
psnr: 37.87087564350353
ssim: 0.9804859757423401
