lpips: 0.015960678458213806
mse: 0.00025967572582885623
psnr: 36.49233888150658
ssim: 0.9784671068191528
