iterations_per_sec: 42.16453682010888
train/distortion_loss: 0.002651152137497609
train/grad_norm: 0.009260588478428698
train/interlevel_loss: 7.367386430327902e-05
train/iterations_per_sec: 42.16453682010888
train/l12_reg: 0.3298104598064615
train/loss: 0.0006454287454335377
train/mse: 0.00017071716270451859
train/psnr: 37.71246476606889
train/tv_reg_l1: 0.029029405628791964
train/tv_reg_l2: 0.006857609489198887
