lpips: 0.014533597975969315
mse: 0.0004659596597775817
psnr: 33.36642058515619
ssim: 0.9792681932449341
