lpips: 0.02093035727739334
mse: 0.001088481629267335
psnr: 29.79139284270213
ssim: 0.9655129909515381
