iterations_per_sec: 15.780017423692417
train/distortion_loss: 0.018083891614970534
train/grad_norm: 0.012889868913764002
train/interlevel_loss: 0.0006458102419709016
train/iterations_per_sec: 15.780017423692417
train/l12_reg: 2.45169191408639
train/loss: 0.0011474883825885076
train/mse: 0.00048359424332062705
train/psnr: 33.18711664219095
train/tv_reg_l1: 1.9417589397141428
train/tv_reg_l2: 2.5529248377289435
