lpips: 0.06039584055542946
mse: 0.004267614334821701
psnr: 24.02797699736698
ssim: 0.9198041558265686
