lpips: 0.04357510432600975
mse: 0.0014981955755501986
psnr: 28.30345068194086
ssim: 0.9453476667404175
