iterations_per_sec: 16.826890795640693
train/distortion_loss: 0.02110557664524425
train/grad_norm: 0.04005673439288982
train/interlevel_loss: 0.0007333357364522538
train/iterations_per_sec: 16.826890795640693
train/l12_reg: 2.4979782104492188
train/loss: 0.002332013982319922
train/mse: 0.0015775726654218755
train/psnr: 28.04047617286143
train/tv_reg_l1: 1.7931778515228118
train/tv_reg_l2: 2.3992620959426416
