lpips: 0.010449797846376896
mse: 0.0004727595660369843
psnr: 33.39795449900781
ssim: 0.9828329682350159
