lpips: 0.00915459729731083
mse: 0.0003858766285702586
psnr: 34.39597021881568
ssim: 0.985028862953186
