iterations_per_sec: 21.921924378163737
train/distortion_loss: 0.001763040094043721
train/grad_norm: 0.0008386043376627971
train/interlevel_loss: 7.61450199831296e-05
train/iterations_per_sec: 21.921924378163737
train/l12_reg: 1.9702116046289
train/loss: 0.0004908779945878331
train/mse: 0.0004129699370212326
train/psnr: 33.88802366545706
train/tv_reg_l1: 1.3670782705750129
train/tv_reg_l2: 1.5648933107202703
