lpips: 0.013161168433725834
mse: 0.00038650684291496873
psnr: 34.34047155179359
ssim: 0.9785140752792358
