lpips: 0.010023703798651695
mse: 0.0003054122207686305
psnr: 35.48848136132929
ssim: 0.9824300408363342
