iterations_per_sec: 54.55081523653613
train/distortion_loss: 0.0010976598067726526
train/grad_norm: 0.0005782242679752108
train/interlevel_loss: 0.0001554367549345838
train/iterations_per_sec: 54.55081523653613
train/l12_reg: 0.41489678290155196
train/loss: 0.0010415699757456854
train/mse: 0.00032072089997007316
train/psnr: 34.97727164836845
train/tv_reg_l1: 0.04748569635881318
train/tv_reg_l2: 0.014941785540996176
