lpips: 0.0114924730733037
mse: 0.00035890639992430806
psnr: 34.64741192576146
ssim: 0.9807683825492859
