lpips: 0.008906724862754345
mse: 0.00028790326905436814
psnr: 35.74036701263179
ssim: 0.9840948581695557
