iterations_per_sec: 41.25560708678013
train/distortion_loss: 0.0009355769396260983
train/grad_norm: 0.015375027527110745
train/interlevel_loss: 0.0001262705738572733
train/iterations_per_sec: 41.25560708678013
train/l12_reg: 0.3519525810925647
train/loss: 0.0009032285018504192
train/mse: 0.000305324299125744
train/psnr: 35.186622658161205
train/tv_reg_l1: 0.03487830383308006
train/tv_reg_l2: 0.011874545911195302
