iterations_per_sec: 32.89062309583966
train/distortion_loss: 0.030377474585265823
train/grad_norm: 0.10038185559890488
train/interlevel_loss: 0.00025642589304944257
train/iterations_per_sec: 32.89062309583966
train/l12_reg: 0.5261786345279578
train/loss: 0.001360336409157349
train/mse: 0.00037127991431543247
train/psnr: 34.32763117009943
train/tv_reg_l1: 0.08538965978706727
train/tv_reg_l2: 0.017607445198327604
