lpips: 0.011456090025603771
mse: 0.00015247712144628167
psnr: 38.24753151715548
ssim: 0.981374979019165
