lpips: 0.014650051482021809
mse: 0.0002909541944973171
psnr: 36.420343387150275
ssim: 0.978284478187561
