iterations_per_sec: 16.360765075416285
train/distortion_loss: 0.0028360919707050227
train/grad_norm: 0.008067085294786728
train/interlevel_loss: 0.00011013127368642017
train/iterations_per_sec: 16.360765075416285
train/l12_reg: 2.0715105629930592
train/loss: 0.0002673644430798977
train/mse: 0.00015439707754977104
train/psnr: 38.15085093180338
train/tv_reg_l1: 1.334372255537245
train/tv_reg_l2: 1.5810976943584403
