lpips: 0.24414490163326263
mse: 0.005093295592814684
psnr: 23.038064144780748
ssim: 0.7540917992591858
