iterations_per_sec: 47.83340268625122
train/distortion_loss: 0.024846707536566138
train/grad_norm: 0.08450756944490201
train/interlevel_loss: 0.0009544050788996045
train/iterations_per_sec: 47.83340268625122
train/l12_reg: 1.0243706281739051
train/loss: 0.005591466420828694
train/mse: 0.004424522546204654
train/psnr: 23.55714189163362
train/tv_reg_l1: 0.10392660467010556
train/tv_reg_l2: 0.018769206347489596
