lpips: 0.026828641071915627
mse: 0.0013544022804126143
psnr: 28.904714722814834
ssim: 0.9404056668281555
