lpips: 0.020846471190452576
mse: 0.000731367152184248
psnr: 31.5987550752399
ssim: 0.9596205949783325
