iterations_per_sec: 56.02842985100086
train/distortion_loss: 0.006260327670271649
train/grad_norm: 0.0367885549374
train/interlevel_loss: 0.00024281193695096959
train/iterations_per_sec: 56.02842985100086
train/l12_reg: 0.44613957856640674
train/loss: 0.0016502671783338442
train/mse: 0.0007669846403807627
train/psnr: 31.18038988595057
train/tv_reg_l1: 0.060025708467671364
train/tv_reg_l2: 0.018807067150118376
