lpips: 0.009825089015066624
mse: 0.00023657003475818783
psnr: 36.36152672918942
ssim: 0.9778984189033508
