lpips: 0.013888969086110592
mse: 0.00043178911437280476
psnr: 34.07437272292781
ssim: 0.9718135595321655
