iterations_per_sec: 34.82833071355765
train/distortion_loss: 0.003317372624132067
train/grad_norm: 0.015914559782943642
train/interlevel_loss: 0.0005794437408136824
train/iterations_per_sec: 34.82833071355765
train/l12_reg: 0.5358115741700837
train/loss: 0.0016397503169366355
train/mse: 0.00025561627181660797
train/psnr: 35.98949721365264
train/tv_reg_l1: 0.0877311211643797
train/tv_reg_l2: 0.026556130705608263
