lpips: 0.12604469060897827
mse: 0.002706698374822736
psnr: 25.693902720318068
ssim: 0.9229856729507446
