iterations_per_sec: 50.733666889407964
train/distortion_loss: 0.003985647643643497
train/grad_norm: 0.06920590434185785
train/interlevel_loss: 0.00036234189221174504
train/iterations_per_sec: 50.733666889407964
train/l12_reg: 0.8390338101772347
train/loss: 0.003067256158424748
train/mse: 0.0025326148465727315
train/psnr: 25.990151068176885
train/tv_reg_l1: 0.09018014544489408
train/tv_reg_l2: 0.01683137740826968
