lpips: 0.1782202273607254
mse: 0.00516210962086916
psnr: 22.974948024215006
ssim: 0.807371973991394
