iterations_per_sec: 47.859388921535896
train/distortion_loss: 0.013781922963457276
train/grad_norm: 0.06369652591570459
train/interlevel_loss: 0.0014515747504327634
train/iterations_per_sec: 47.859388921535896
train/l12_reg: 0.7961279201989222
train/loss: 0.006249284503435848
train/mse: 0.004626769922918292
train/psnr: 23.356937504778006
train/tv_reg_l1: 0.08375301610941839
train/tv_reg_l2: 0.0157157921166432
