lpips: 0.09487345814704895
mse: 0.000861678272485733
psnr: 30.678705469090538
ssim: 0.8749724626541138
