lpips: 0.08836770057678223
mse: 0.0011946518206968904
psnr: 29.535358167688237
ssim: 0.8789740800857544
