iterations_per_sec: 43.53859348232467
train/distortion_loss: 0.010827971104946401
train/grad_norm: 0.023239025149983588
train/interlevel_loss: 0.00031391022529340154
train/iterations_per_sec: 43.53859348232467
train/l12_reg: 0.5498702056480177
train/loss: 0.0019856036565445287
train/mse: 0.0008836407808238885
train/psnr: 30.561641249993833
train/tv_reg_l1: 0.08430180232031177
train/tv_reg_l2: 0.022735447161878
