iterations_per_sec: 40.817856798801216
train/distortion_loss: 0.5667395766335305
train/grad_norm: 0.046193502993896754
train/interlevel_loss: 0.002475131923953692
train/iterations_per_sec: 40.817856798801216
train/l12_reg: 0.9392888714568783
train/loss: 0.019995095471691603
train/mse: 0.016676865762682878
train/psnr: 17.780563450822928
train/tv_reg_l1: 0.14015983270876337
train/tv_reg_l2: 0.02763582756648762
