lpips: 0.11211142688989639
mse: 0.0040844883769750595
psnr: 24.00694029926288
ssim: 0.8740172386169434
