iterations_per_sec: 52.45556162989123
train/distortion_loss: 0.007816137609570617
train/grad_norm: 0.07239735082281057
train/interlevel_loss: 0.00034725486102156494
train/iterations_per_sec: 52.45556162989123
train/l12_reg: 0.7727141874005096
train/loss: 0.003917914993985735
train/mse: 0.0034028466278216755
train/psnr: 24.698729563241052
train/tv_reg_l1: 0.0830930561730356
train/tv_reg_l2: 0.015999734448739374
