iterations_per_sec: 12.112049249424517
train/distortion_loss: 0.0858831557661596
train/grad_norm: 0.27730008056669525
train/interlevel_loss: 0.0027353129834124836
train/iterations_per_sec: 12.112049249424517
train/l12_reg: 1.8272566686977039
train/loss: 0.006303974648354331
train/mse: 0.003482778479034702
train/psnr: 24.58835975569908
train/tv_reg_l1: 1.2924604825299195
train/tv_reg_l2: 1.7049463168539183
