iterations_per_sec: 12.942733434373567
train/distortion_loss: 0.036731525804057266
train/grad_norm: 0.09688722519109948
train/interlevel_loss: 0.0006160712236482086
train/iterations_per_sec: 12.942733434373567
train/l12_reg: 1.944999392586525
train/loss: 0.001063189387551951
train/mse: 0.0004103866257620129
train/psnr: 33.88906552093198
train/tv_reg_l1: 1.338984151079197
train/tv_reg_l2: 1.4222608997364237
