lpips: 0.013886971399188042
mse: 0.00024869863409549
psnr: 36.803616977540514
ssim: 0.9804261922836304
