lpips: 0.011956765316426754
mse: 0.00015094121044967324
psnr: 38.28129510335692
ssim: 0.9823789000511169
