iterations_per_sec: 38.52316479413795
train/distortion_loss: 0.0026416843992215816
train/grad_norm: 0.010292259529421125
train/interlevel_loss: 9.53912936213351e-05
train/iterations_per_sec: 38.52316479413795
train/l12_reg: 0.36379137063267253
train/loss: 0.0006968635928139768
train/mse: 0.00015832255737011726
train/psnr: 38.047229920974885
train/tv_reg_l1: 0.03271536359732801
train/tv_reg_l2: 0.007671666844287003
