lpips: 0.020228873938322067
mse: 0.0009071896784007549
psnr: 30.484601958556492
ssim: 0.9669959545135498
