lpips: 0.017316119745373726
mse: 0.0005878179799765348
psnr: 32.38131376286612
ssim: 0.976360023021698
