iterations_per_sec: 37.364568333295296
train/distortion_loss: 0.008961434109192905
train/grad_norm: 0.01512886347211521
train/interlevel_loss: 0.0008749272086365957
train/iterations_per_sec: 37.364568333295296
train/l12_reg: 0.3760587539937761
train/loss: 0.0020510475492255403
train/mse: 0.0006128631339930562
train/psnr: 32.156763173112964
train/tv_reg_l1: 0.0661435437322867
train/tv_reg_l2: 0.017823699372585374
