lpips: 0.14884044229984283
mse: 0.0031533644068986177
psnr: 25.178247076467052
ssim: 0.8616632223129272
