iterations_per_sec: 51.841444408973054
train/distortion_loss: 0.00833301998750128
train/grad_norm: 0.0297651177253386
train/interlevel_loss: 0.001007262457425546
train/iterations_per_sec: 51.841444408973054
train/l12_reg: 0.8723552847149396
train/loss: 0.003997497575715034
train/mse: 0.0028624001730496837
train/psnr: 25.442966846504596
train/tv_reg_l1: 0.07545016653308964
train/tv_reg_l2: 0.011950190799931685
