iterations_per_sec: 13.892667469890245
train/distortion_loss: 0.20090530812740326
train/grad_norm: 0.3521069354481167
train/interlevel_loss: 0.0037672897292809053
train/iterations_per_sec: 13.892667469890245
train/l12_reg: 2.189061321393408
train/loss: 0.009170201625863109
train/mse: 0.005202006529828515
train/psnr: 22.841855058766374
train/tv_reg_l1: 1.6716833283202817
train/tv_reg_l2: 2.220927016903656
