lpips: 0.043035488575696945
mse: 0.0026089041493833065
psnr: 26.37508907747662
ssim: 0.922197699546814
