lpips: 0.02382264845073223
mse: 0.0006756728398613632
psnr: 31.923140779838853
ssim: 0.9589851498603821
