iterations_per_sec: 16.169739162515203
train/distortion_loss: 0.01788078754613496
train/grad_norm: 0.02845967471637208
train/interlevel_loss: 0.0005536391435078148
train/iterations_per_sec: 16.169739162515203
train/l12_reg: 2.5030608707004123
train/loss: 0.001274451866247362
train/mse: 0.0007029319343138298
train/psnr: 31.56327430648033
train/tv_reg_l1: 1.9281781141204064
train/tv_reg_l2: 2.6347800577529754
