lpips: 0.01449787337332964
mse: 0.0005221094470471144
psnr: 32.89864131928472
ssim: 0.977804958820343
