lpips: 0.016749614849686623
mse: 0.0007208912284113467
psnr: 31.479188584849535
ssim: 0.9703701734542847
