iterations_per_sec: 46.97681354278557
train/distortion_loss: 0.003903536476439448
train/grad_norm: 0.014997451580270674
train/interlevel_loss: 0.00032453556754391153
train/iterations_per_sec: 46.97681354278557
train/l12_reg: 0.3564721806482835
train/loss: 0.0014046012256953
train/mse: 0.0005446642700752074
train/psnr: 32.668767909811
train/tv_reg_l1: 0.04790885569621818
train/tv_reg_l2: 0.017502565181466066
