lpips: 0.011673785746097565
mse: 0.00037589468411169946
psnr: 34.47106186136223
ssim: 0.98004150390625
