lpips: 0.008938692510128021
mse: 0.0002926486195065081
psnr: 35.65272215612658
ssim: 0.9835795760154724
