iterations_per_sec: 16.24795743052359
train/distortion_loss: 0.0010276434624407703
train/grad_norm: 0.01186805097574387
train/interlevel_loss: 0.00016156795732747537
train/iterations_per_sec: 16.24795743052359
train/l12_reg: 2.178210077863751
train/loss: 0.00047008950125680053
train/mse: 0.0003074938967892185
train/psnr: 35.15731021611377
train/tv_reg_l1: 1.3244257394713586
train/tv_reg_l2: 1.5559486945470173
