lpips: 0.19299282133579254
mse: 0.005608765408396721
psnr: 22.61197446904237
ssim: 0.7961317300796509
