iterations_per_sec: 52.291436517718836
train/distortion_loss: 0.01492535039744895
train/grad_norm: 0.06076181629164652
train/interlevel_loss: 0.0011493839262373218
train/iterations_per_sec: 52.291436517718836
train/l12_reg: 1.0523898806234804
train/loss: 0.006339618569296418
train/mse: 0.005020549290371362
train/psnr: 23.001282682322493
train/tv_reg_l1: 0.09374352680011229
train/tv_reg_l2: 0.01547600015659224
