iterations_per_sec: 42.028356258783845
train/distortion_loss: 0.14577841939348163
train/grad_norm: 0.3533490101496379
train/interlevel_loss: 0.0015348746556544093
train/iterations_per_sec: 42.028356258783845
train/l12_reg: 0.6551947087952585
train/loss: 0.009180189185597078
train/mse: 0.006170910444449295
train/psnr: 22.098474579628068
train/tv_reg_l1: 0.14388185287966873
train/tv_reg_l2: 0.06734309661569017
