lpips: 0.03159637749195099
mse: 0.0013275424716994166
psnr: 28.84607713362844
ssim: 0.9547885060310364
