lpips: 0.027113446965813637
mse: 0.0008574412204325199
psnr: 30.737716240750647
ssim: 0.9665442705154419
