iterations_per_sec: 49.312257735375816
train/distortion_loss: 0.012619291780271916
train/grad_norm: 0.017238511685093844
train/interlevel_loss: 0.0027285836016138396
train/iterations_per_sec: 49.312257735375816
train/l12_reg: 0.32388152799221
train/loss: 0.00413062999899866
train/mse: 0.000898295038055177
train/psnr: 30.49595771173034
train/tv_reg_l1: 0.06682418083602731
train/tv_reg_l2: 0.016725055798135623
