iterations_per_sec: 43.842033904623094
train/distortion_loss: 0.7465045385890536
train/grad_norm: 0.07067860608374832
train/interlevel_loss: 0.0017689183528412772
train/iterations_per_sec: 43.842033904623094
train/l12_reg: 1.0018827289041847
train/loss: 0.01582966387422398
train/mse: 0.013043410963181293
train/psnr: 18.84840745636911
train/tv_reg_l1: 0.1495217236906591
train/tv_reg_l2: 0.027082990572759598
