iterations_per_sec: 18.431018315500747
train/distortion_loss: 0.2536558019693452
train/grad_norm: 0.1760496145697555
train/interlevel_loss: 0.0009975662699552499
train/iterations_per_sec: 18.431018315500747
train/l12_reg: 0.8712308316519766
train/loss: 0.004268441869021215
train/mse: 0.001633410634839851
train/psnr: 27.879259167295515
train/tv_reg_l1: 0.19867749166006993
train/tv_reg_l2: 0.051257822361558375
