lpips: 0.008270911872386932
mse: 0.00034678910742513835
psnr: 34.80258520755041
ssim: 0.9860241413116455
