lpips: 0.010511821135878563
mse: 0.0004851091653108597
psnr: 33.30593329857179
ssim: 0.9829612970352173
