iterations_per_sec: 16.659577135019216
train/distortion_loss: 0.0036173402120105243
train/grad_norm: 0.029681630545493328
train/interlevel_loss: 0.00014258815711152485
train/iterations_per_sec: 16.659577135019216
train/l12_reg: 2.0424094200134277
train/loss: 0.0005228645767960134
train/mse: 0.00037665907916791663
train/psnr: 34.29615710480044
train/tv_reg_l1: 1.4222533811222424
train/tv_reg_l2: 1.6536862187915378
