lpips: 0.01420470792800188
mse: 0.00016824566409923136
psnr: 37.80312373947809
ssim: 0.9802071452140808
