lpips: 0.01655980385839939
mse: 0.0002772771695163101
psnr: 36.312957808367784
ssim: 0.9779842495918274
