iterations_per_sec: 52.40130580070065
train/distortion_loss: 0.0029434886445865185
train/grad_norm: 0.010314846954618892
train/interlevel_loss: 0.00010136157057290389
train/iterations_per_sec: 52.40130580070065
train/l12_reg: 0.4016726387269569
train/loss: 0.0007657219239538817
train/mse: 0.00017404713251362226
train/psnr: 37.624920777600224
train/tv_reg_l1: 0.03965579406029046
train/tv_reg_l2: 0.00856970865843874
