lpips: 0.2073134183883667
mse: 0.006219774484634399
psnr: 22.14291769957106
ssim: 0.7886260747909546
