iterations_per_sec: 50.93604425727377
train/distortion_loss: 0.015967755239795555
train/grad_norm: 0.06118467773752983
train/interlevel_loss: 0.0008944468625651842
train/iterations_per_sec: 50.93604425727377
train/l12_reg: 1.1044231436469338
train/loss: 0.006640073702190862
train/mse: 0.0055644529391870355
train/psnr: 22.55283870119037
train/tv_reg_l1: 0.09797355954093162
train/tv_reg_l2: 0.016520615196739783
