iterations_per_sec: 13.412443011107626
train/distortion_loss: 0.3175036542945438
train/grad_norm: 0.18053080683404749
train/interlevel_loss: 0.0015924813865561677
train/iterations_per_sec: 13.412443011107626
train/l12_reg: 2.3638858843331385
train/loss: 0.004911337155999259
train/mse: 0.0030013521300685225
train/psnr: 25.236427018136688
train/tv_reg_l1: 1.672556788030297
train/tv_reg_l2: 2.077950191016149
