lpips: 0.014591596089303493
mse: 0.00024678214685991406
psnr: 36.73014739118655
ssim: 0.9787309169769287
