lpips: 0.012638355605304241
mse: 0.0001549564185552299
psnr: 38.1635243432978
ssim: 0.9807851314544678
