iterations_per_sec: 21.80795197025712
train/distortion_loss: 0.0021351060672484415
train/grad_norm: 0.0004859472947745499
train/interlevel_loss: 8.0094769899263e-05
train/iterations_per_sec: 21.80795197025712
train/l12_reg: 1.9087151276944863
train/loss: 0.0002389476254448351
train/mse: 0.00015671774864048612
train/psnr: 38.08161487001361
train/tv_reg_l1: 1.08344833056132
train/tv_reg_l2: 1.1868679932873658
