lpips: 0.0898841917514801
mse: 0.0012487422209233046
psnr: 29.430501026747542
ssim: 0.8780866861343384
