lpips: 0.09706635773181915
mse: 0.0008798965136520565
psnr: 30.588673160081388
ssim: 0.873183012008667
