iterations_per_sec: 31.245474763171398
train/distortion_loss: 0.011178371703459157
train/grad_norm: 0.020758749399748113
train/interlevel_loss: 0.0003480172005830088
train/iterations_per_sec: 31.245474763171398
train/l12_reg: 0.5990583336714542
train/loss: 0.002101121064642388
train/mse: 0.0008966640758591544
train/psnr: 30.50407326823533
train/tv_reg_l1: 0.09176596126171073
train/tv_reg_l2: 0.02462030446740112
