iterations_per_sec: 13.290007249798503
train/distortion_loss: 0.30517893457653544
train/grad_norm: 0.45247782059390135
train/interlevel_loss: 0.006539308103836245
train/iterations_per_sec: 13.290007249798503
train/l12_reg: 2.26161671407295
train/loss: 0.03050910098233608
train/mse: 0.0236646140351741
train/psnr: 16.26067540139863
train/tv_reg_l1: 1.713026550081041
train/tv_reg_l2: 2.297254969375302
