iterations_per_sec: 38.23922787857451
train/distortion_loss: 0.24666779044300619
train/grad_norm: 0.08073542782604093
train/interlevel_loss: 0.002580953115183446
train/iterations_per_sec: 38.23922787857451
train/l12_reg: 0.9513706823792121
train/loss: 0.012395167055379862
train/mse: 0.009303905286195905
train/psnr: 20.316688267871587
train/tv_reg_l1: 0.12113190713253888
train/tv_reg_l2: 0.026364087023668818
