lpips: 0.007801557891070843
mse: 0.00037120713386684656
psnr: 34.54970093771638
ssim: 0.9864652752876282
