lpips: 0.009015293791890144
mse: 0.0004389816604088992
psnr: 33.70985454167103
ssim: 0.9844223260879517
