iterations_per_sec: 40.95843034272097
train/distortion_loss: 0.0012000821474375148
train/grad_norm: 0.036891711367802185
train/interlevel_loss: 8.405346648721729e-05
train/iterations_per_sec: 40.95843034272097
train/l12_reg: 0.27140350504355
train/loss: 0.0008486544377067023
train/mse: 0.0004033436984026033
train/psnr: 34.00147316672585
train/tv_reg_l1: 0.02471320265245558
train/tv_reg_l2: 0.008865367639997993
