lpips: 0.061401065438985825
mse: 0.004340555053204298
psnr: 23.941683916481907
ssim: 0.9186221361160278
