lpips: 0.04310011863708496
mse: 0.0014885369455441833
psnr: 28.335753015584913
ssim: 0.9453700184822083
