iterations_per_sec: 16.067334089714773
train/distortion_loss: 0.02448760106632806
train/grad_norm: 0.034396751322830564
train/interlevel_loss: 0.0008416549917639732
train/iterations_per_sec: 16.067334089714773
train/l12_reg: 2.462254608520354
train/loss: 0.0024191503121395305
train/mse: 0.0015530077166704818
train/psnr: 28.10997681665902
train/tv_reg_l1: 1.8102709693138046
train/tv_reg_l2: 2.411938279566139
