iterations_per_sec: 41.420877274462775
train/distortion_loss: 0.4134009296845908
train/grad_norm: 0.06629329961207178
train/interlevel_loss: 0.00217024004557217
train/iterations_per_sec: 41.420877274462775
train/l12_reg: 0.7463658765108898
train/loss: 0.023424484136730733
train/mse: 0.02054726163094694
train/psnr: 16.874294126876677
train/tv_reg_l1: 0.13041600735500605
train/tv_reg_l2: 0.029358144021696515
