lpips: 0.010297179222106934
mse: 0.0002517865505069494
psnr: 36.085831557691286
ssim: 0.9764475226402283
