lpips: 0.01481684111058712
mse: 0.00046958058374002576
psnr: 33.68759754795708
ssim: 0.9701365828514099
