iterations_per_sec: 16.661144032353068
train/distortion_loss: 0.0033145255874842405
train/grad_norm: 0.017958296340598603
train/interlevel_loss: 0.0007781536786374871
train/iterations_per_sec: 16.661144032353068
train/l12_reg: 2.4252055991779673
train/loss: 0.001053207044753086
train/mse: 0.0002717388352271019
train/psnr: 35.7182002212062
train/tv_reg_l1: 1.4230411136993255
train/tv_reg_l2: 2.0175906600374165
