lpips: 0.020550154149532318
mse: 0.0007424505893141031
psnr: 31.52795898133982
ssim: 0.9599641561508179
