lpips: 0.02628292515873909
mse: 0.0013636599760502577
psnr: 28.874634326793256
ssim: 0.9407817721366882
