iterations_per_sec: 50.644910476998895
train/distortion_loss: 0.006644574647788146
train/grad_norm: 0.03599824620918794
train/interlevel_loss: 0.00016776412520251905
train/iterations_per_sec: 50.644910476998895
train/l12_reg: 0.38395658586964465
train/loss: 0.0014893811976894587
train/mse: 0.0007731062718761163
train/psnr: 31.14960429644344
train/tv_reg_l1: 0.047672807906914236
train/tv_reg_l2: 0.01579096279285773
