lpips: 0.10173644870519638
mse: 0.003695948049426079
psnr: 24.438701072941182
ssim: 0.8782086372375488
