iterations_per_sec: 47.15243768639516
train/distortion_loss: 0.006245611861084748
train/grad_norm: 0.06819620984371262
train/interlevel_loss: 0.0002820254525468412
train/iterations_per_sec: 47.15243768639516
train/l12_reg: 0.6835867100291781
train/loss: 0.0034388365656739532
train/mse: 0.0030463553537059614
train/psnr: 25.180418573244655
train/tv_reg_l1: 0.06431767991696945
train/tv_reg_l2: 0.010421015143469728
