iterations_per_sec: 38.6087858818726
train/distortion_loss: 0.23301249516732764
train/grad_norm: 0.07752523793265073
train/interlevel_loss: 0.0019848416594675546
train/iterations_per_sec: 38.6087858818726
train/l12_reg: 1.1025073299504289
train/loss: 0.011816838746796352
train/mse: 0.009370449130809066
train/psnr: 20.286294474746242
train/tv_reg_l1: 0.11191763864322142
train/tv_reg_l2: 0.02285354347391562
