lpips: 0.01521051861345768
mse: 0.00047245778841897845
psnr: 33.313181618207174
ssim: 0.9789584279060364
