lpips: 0.021671634167432785
mse: 0.0010975714540109038
psnr: 29.756921689442592
ssim: 0.9649134874343872
