iterations_per_sec: 16.517744445155135
train/distortion_loss: 0.020315477135356027
train/grad_norm: 0.013296436405543125
train/interlevel_loss: 0.0007121509289124397
train/iterations_per_sec: 16.517744445155135
train/l12_reg: 2.5082174888764968
train/loss: 0.0012316558112606707
train/mse: 0.0004991894032843787
train/psnr: 33.05144117336081
train/tv_reg_l1: 1.9912993703225645
train/tv_reg_l2: 2.6949962413672246
