iterations_per_sec: 43.625874394634025
train/distortion_loss: 0.7340193902603304
train/grad_norm: 0.08585291495076333
train/interlevel_loss: 0.0023813464330753897
train/iterations_per_sec: 43.625874394634025
train/l12_reg: 0.9941166512893908
train/loss: 0.016137987158891528
train/mse: 0.012756495181508738
train/psnr: 18.945081325492474
train/tv_reg_l1: 0.14344795274012018
train/tv_reg_l2: 0.02661261504346674
