iterations_per_sec: 42.67029563170173
train/distortion_loss: 0.1291305177440547
train/grad_norm: 0.1366963285689402
train/interlevel_loss: 0.001074024696006543
train/iterations_per_sec: 42.67029563170173
train/l12_reg: 0.7497411695393649
train/loss: 0.024171085125117592
train/mse: 0.022467005527531256
train/psnr: 16.48610700742163
train/tv_reg_l1: 0.14652896875684912
train/tv_reg_l2: 0.05009244401196037
