lpips: 0.07700324058532715
mse: 0.0009637575130909681
psnr: 30.325162068633645
ssim: 0.8893272280693054
