lpips: 0.08318216353654861
mse: 0.0007286308100447059
psnr: 31.409866096290916
ssim: 0.8872829675674438
