iterations_per_sec: 35.1523524616627
train/distortion_loss: 0.011226981172733234
train/grad_norm: 0.021096144614722392
train/interlevel_loss: 0.00032057291698745557
train/iterations_per_sec: 35.1523524616627
train/l12_reg: 0.5200178231855835
train/loss: 0.0018254430562427099
train/mse: 0.0007491782860303617
train/psnr: 31.2810686477507
train/tv_reg_l1: 0.0801259432778214
train/tv_reg_l2: 0.02244470531892295
