iterations_per_sec: 16.671680531199655
train/distortion_loss: 0.05577396255249929
train/grad_norm: 0.11120849012425452
train/interlevel_loss: 0.0004615815396942763
train/iterations_per_sec: 16.671680531199655
train/l12_reg: 0.4556632294799342
train/loss: 0.0020529674883517954
train/mse: 0.0008714887533440358
train/psnr: 30.60272623312594
train/tv_reg_l1: 0.07571059066538859
train/tv_reg_l2: 0.020846000750257512
