iterations_per_sec: 44.66704125437225
train/distortion_loss: 0.32520960948683997
train/grad_norm: 0.3521854443983598
train/interlevel_loss: 0.00520030642869045
train/iterations_per_sec: 44.66704125437225
train/l12_reg: 0.691642808191704
train/loss: 0.014696049024209831
train/mse: 0.007737133783673999
train/psnr: 21.118516671537147
train/tv_reg_l1: 0.17332229153676468
train/tv_reg_l2: 0.07417563190965941
