lpips: 0.013889286667108536
mse: 0.0005599113064818084
psnr: 32.624417112759275
ssim: 0.9790686964988708
