lpips: 0.012160049751400948
mse: 0.0004619400133378804
psnr: 33.560809980324386
ssim: 0.9814327359199524
