iterations_per_sec: 21.892312922377645
train/distortion_loss: 0.0021808545147492127
train/grad_norm: 0.0008258316366030185
train/interlevel_loss: 0.0001067105354241453
train/iterations_per_sec: 21.892312922377645
train/l12_reg: 1.890867282645871
train/loss: 0.0005975672040332222
train/mse: 0.0004886758115114362
train/psnr: 33.1549792048907
train/tv_reg_l1: 1.3714301044290715
train/tv_reg_l2: 1.557311768483634
