lpips: 0.06250128149986267
mse: 0.004363821353763342
psnr: 23.938802683955046
ssim: 0.9184249639511108
