lpips: 0.04377858340740204
mse: 0.001488876761868596
psnr: 28.335870123705604
ssim: 0.9453582167625427
