iterations_per_sec: 16.35493873584438
train/distortion_loss: 0.02421701088020898
train/grad_norm: 0.03515127756529384
train/interlevel_loss: 0.0008541968018475055
train/iterations_per_sec: 16.35493873584438
train/l12_reg: 2.443866729736328
train/loss: 0.0024421691560572146
train/mse: 0.001563755349688834
train/psnr: 28.081519810840337
train/tv_reg_l1: 1.9381681536183213
train/tv_reg_l2: 2.7716780768500433
