lpips: 0.010171650908887386
mse: 0.0003180124331265688
psnr: 35.305877122730884
ssim: 0.9824158549308777
