lpips: 0.013077347539365292
mse: 0.0003944245108868927
psnr: 34.24875892245434
ssim: 0.9788302779197693
