iterations_per_sec: 29.507845600604455
train/distortion_loss: 0.0009337973362305249
train/grad_norm: 0.01682243091665735
train/interlevel_loss: 0.0001493954777922199
train/iterations_per_sec: 29.507845600604455
train/l12_reg: 0.41162391142411664
train/loss: 0.0010383807915272285
train/mse: 0.0003311523660250723
train/psnr: 34.83563005081331
train/tv_reg_l1: 0.04929914551250862
train/tv_reg_l2: 0.014527522704818031
