lpips: 0.01855326257646084
mse: 0.0005328222177922726
psnr: 33.03929109216778
ssim: 0.9643850922584534
