lpips: 0.013941507786512375
mse: 0.0003156258899252862
psnr: 35.12088128987361
ssim: 0.971325695514679
