iterations_per_sec: 36.365375061704434
train/distortion_loss: 0.003420459741557186
train/grad_norm: 0.02142797275023027
train/interlevel_loss: 0.0006160512895821923
train/iterations_per_sec: 36.365375061704434
train/l12_reg: 0.5705955016492593
train/loss: 0.0018144504665726362
train/mse: 0.00034209236242770775
train/psnr: 34.71231618553701
train/tv_reg_l1: 0.09303651592045119
train/tv_reg_l2: 0.02822908153287088
