lpips: 0.14996255934238434
mse: 0.004614639095962048
psnr: 23.479076377158272
ssim: 0.8525508642196655
