iterations_per_sec: 25.82119295927065
train/distortion_loss: 0.008718671470015036
train/grad_norm: 0.08258082843714892
train/interlevel_loss: 0.0013127959617930981
train/iterations_per_sec: 25.82119295927065
train/l12_reg: 0.7514588887041266
train/loss: 0.005364850393938597
train/mse: 0.0039243289420023714
train/psnr: 24.08061960008409
train/tv_reg_l1: 0.07354437379222928
train/tv_reg_l2: 0.01190068255733661
