iterations_per_sec: 38.20978390739077
train/distortion_loss: 0.2622520246288993
train/grad_norm: 0.1555115558733844
train/interlevel_loss: 0.0006580635002165129
train/iterations_per_sec: 38.20978390739077
train/l12_reg: 0.8495225424718376
train/loss: 0.004111650672675383
train/mse: 0.0018714221083850722
train/psnr: 27.286638606678356
train/tv_reg_l1: 0.1782002251858663
train/tv_reg_l2: 0.04703904266911323
