iterations_per_sec: 40.29506659055588
train/distortion_loss: 0.7982681670574227
train/grad_norm: 0.10980434264197494
train/interlevel_loss: 0.0022001859515604345
train/iterations_per_sec: 40.29506659055588
train/l12_reg: 1.0399172872003883
train/loss: 0.025887293759921586
train/mse: 0.022534789893813807
train/psnr: 16.472867753770615
train/tv_reg_l1: 0.16522769629955292
train/tv_reg_l2: 0.035404985450735
