iterations_per_sec: 17.308082573773206
train/distortion_loss: 0.08871356751581636
train/grad_norm: 0.24004334045781028
train/interlevel_loss: 0.0026637113516717547
train/iterations_per_sec: 17.308082573773206
train/l12_reg: 1.9610377538083779
train/loss: 0.006770574967517998
train/mse: 0.004018150027747257
train/psnr: 23.966237771390663
train/tv_reg_l1: 1.3672211085907136
train/tv_reg_l2: 1.950804869333903
