lpips: 0.06267351657152176
mse: 0.004456701222807169
psnr: 23.8382547594521
ssim: 0.917685329914093
