lpips: 0.04298768192529678
mse: 0.0014625265030190349
psnr: 28.41367841579243
ssim: 0.9458000063896179
