iterations_per_sec: 15.893732749273331
train/distortion_loss: 0.024743109038381866
train/grad_norm: 0.034703318255417274
train/interlevel_loss: 0.000868638577598213
train/iterations_per_sec: 15.893732749273331
train/l12_reg: 2.4880723471593376
train/loss: 0.0024359375473601047
train/mse: 0.001542555850300223
train/psnr: 28.139748043484158
train/tv_reg_l1: 1.8166699734601108
train/tv_reg_l2: 2.4266019878965435
