lpips: 0.12619547545909882
mse: 0.0027343020774424076
psnr: 25.65155303799277
ssim: 0.9234058856964111
