iterations_per_sec: 50.5836866487519
train/distortion_loss: 0.003986434477165041
train/grad_norm: 0.06968465473766279
train/interlevel_loss: 0.00038843362202933715
train/iterations_per_sec: 50.5836866487519
train/l12_reg: 0.8879583712780115
train/loss: 0.003174189654545802
train/mse: 0.0026095185188971686
train/psnr: 25.86189225707391
train/tv_reg_l1: 0.09196875424999179
train/tv_reg_l2: 0.01722510860800141
