iterations_per_sec: 40.473858004655526
train/distortion_loss: 0.34930661742133323
train/grad_norm: 0.06809460273896804
train/interlevel_loss: 0.002389543772101252
train/iterations_per_sec: 40.473858004655526
train/l12_reg: 1.010619737885215
train/loss: 0.04119508310851425
train/mse: 0.03814513183603383
train/psnr: 14.186733505942605
train/tv_reg_l1: 0.1283183012044791
train/tv_reg_l2: 0.03111010364661313
