iterations_per_sec: 52.368116249479634
train/distortion_loss: 0.3269743248067721
train/grad_norm: 0.1745120779131398
train/interlevel_loss: 0.0010024648603061308
train/iterations_per_sec: 52.368116249479634
train/l12_reg: 0.8246577171364216
train/loss: 0.006227832546250688
train/mse: 0.00348657659123266
train/psnr: 24.58425072949342
train/tv_reg_l1: 0.17847995926635435
train/tv_reg_l2: 0.0587159020431114
