lpips: 0.017659982666373253
mse: 0.0007726979092694819
psnr: 31.1758665411793
ssim: 0.9688127040863037
