lpips: 0.01539593655616045
mse: 0.0005515146185643971
psnr: 32.658823727122595
ssim: 0.9766625165939331
