iterations_per_sec: 42.49972266561291
train/distortion_loss: 0.004793430800841312
train/grad_norm: 0.014608177017759193
train/interlevel_loss: 0.00038176126257196595
train/iterations_per_sec: 42.49972266561291
train/l12_reg: 0.36206403766015566
train/loss: 0.0015099017993744576
train/mse: 0.0005763806432081067
train/psnr: 32.42199184918645
train/tv_reg_l1: 0.057361735125081706
train/tv_reg_l2: 0.018490240579903727
