lpips: 0.23329174518585205
mse: 0.004928319249302149
psnr: 23.177268227750584
ssim: 0.7623040676116943
