iterations_per_sec: 51.06876865338716
train/distortion_loss: 0.01709179338444062
train/grad_norm: 0.0802679689356474
train/interlevel_loss: 0.0003610459821312829
train/iterations_per_sec: 51.06876865338716
train/l12_reg: 0.9975633687443204
train/loss: 0.004852890305108193
train/mse: 0.004295352881661419
train/psnr: 23.684060722890525
train/tv_reg_l1: 0.10440648715905469
train/tv_reg_l2: 0.01793996402711579
