lpips: 0.01610584929585457
mse: 0.00026187780895270407
psnr: 36.43518600791925
ssim: 0.9781845211982727
