lpips: 0.014056363143026829
mse: 0.00016904469521250576
psnr: 37.78496508474956
ssim: 0.9800535440444946
