iterations_per_sec: 42.47512760607873
train/distortion_loss: 0.002728156933579782
train/grad_norm: 0.010562542103927094
train/interlevel_loss: 8.759890735029441e-05
train/iterations_per_sec: 42.47512760607873
train/l12_reg: 0.33894984589682686
train/loss: 0.0006729149309015183
train/mse: 0.00017261255627752027
train/psnr: 37.65703790838068
train/tv_reg_l1: 0.03013273932491288
train/tv_reg_l2: 0.007102544894536035
