lpips: 0.01925746165215969
mse: 0.0006733100162819028
psnr: 31.950047400828375
ssim: 0.9623768329620361
