lpips: 0.025465987622737885
mse: 0.001324875047430396
psnr: 29.020114742351165
ssim: 0.9422584772109985
