iterations_per_sec: 36.897905483153416
train/distortion_loss: 0.006573227742178874
train/grad_norm: 0.0304902663661374
train/interlevel_loss: 0.00022769941080530936
train/iterations_per_sec: 36.897905483153416
train/l12_reg: 0.4862384257292507
train/loss: 0.001648256685725893
train/mse: 0.0007126970273075682
train/psnr: 31.506234159373275
train/tv_reg_l1: 0.06797646219381179
train/tv_reg_l2: 0.021504855611258082
