lpips: 0.011385176330804825
mse: 0.00014879902300890535
psnr: 38.35157186260614
ssim: 0.9818559885025024
