lpips: 0.014016730710864067
mse: 0.0002552638470660895
psnr: 36.73718652113474
ssim: 0.979249894618988
