iterations_per_sec: 14.569099224332891
train/distortion_loss: 0.002840683247536571
train/grad_norm: 0.0074930622270613
train/interlevel_loss: 0.0001097163588962179
train/iterations_per_sec: 14.569099224332891
train/l12_reg: 1.9744255037018748
train/loss: 0.00026420600485348264
train/mse: 0.0001516489636457544
train/psnr: 38.22597565313782
train/tv_reg_l1: 1.0968621162453083
train/tv_reg_l2: 1.1027089405541468
