lpips: 0.1412116289138794
mse: 0.005469835828989744
psnr: 22.671554317830058
ssim: 0.869760274887085
