iterations_per_sec: 47.27509563638467
train/distortion_loss: 0.010267056346014894
train/grad_norm: 0.033305595205588776
train/interlevel_loss: 0.0004454608207022903
train/iterations_per_sec: 47.27509563638467
train/l12_reg: 0.7518149849140283
train/loss: 0.00531409207185862
train/mse: 0.004704630129377951
train/psnr: 23.28459589409106
train/tv_reg_l1: 0.08659127136372556
train/tv_reg_l2: 0.015373407712563722
