lpips: 0.05309073626995087
mse: 0.0033881813287734985
psnr: 24.992761605341784
ssim: 0.9277584552764893
