lpips: 0.04321978986263275
mse: 0.0015962079633027315
psnr: 28.042907126838355
ssim: 0.9458590149879456
