iterations_per_sec: 50.28722347581043
train/distortion_loss: 0.010285004691192598
train/grad_norm: 0.0411858463264776
train/interlevel_loss: 0.0004381628841105284
train/iterations_per_sec: 50.28722347581043
train/l12_reg: 0.5388900529254567
train/loss: 0.002988695284596296
train/mse: 0.001678655604888318
train/psnr: 27.770281454529425
train/tv_reg_l1: 0.10677346082949879
train/tv_reg_l2: 0.032270174323007314
