lpips: 0.022469088435173035
mse: 0.000724377459846437
psnr: 31.612269518037454
ssim: 0.9580164551734924
