lpips: 0.03536981716752052
mse: 0.0019045892404392362
psnr: 27.658711478256492
ssim: 0.9305627942085266
