iterations_per_sec: 20.255197838423342
train/distortion_loss: 0.011887603514649049
train/grad_norm: 0.0015136543696633344
train/interlevel_loss: 0.00021517631419078269
train/iterations_per_sec: 20.255197838423342
train/l12_reg: 2.336927117723407
train/loss: 0.0009675188821439414
train/mse: 0.0007404549584742823
train/psnr: 31.33260825186065
train/tv_reg_l1: 1.9401854108078311
train/tv_reg_l2: 3.096391321432711
