lpips: 0.014702284708619118
mse: 0.00043377987458370626
psnr: 33.818718799444774
ssim: 0.9763494729995728
