lpips: 0.011656109243631363
mse: 0.00035492744063958526
psnr: 34.81693498019132
ssim: 0.9800159335136414
