iterations_per_sec: 66.57069018451146
train/distortion_loss: 0.001126135463092589
train/grad_norm: 0.0006034970189435314
train/interlevel_loss: 0.00014288610382760507
train/iterations_per_sec: 66.57069018451146
train/l12_reg: 0.40353624447427616
train/loss: 0.001056579396133358
train/mse: 0.0003665072965139354
train/psnr: 34.39052762888899
train/tv_reg_l1: 0.04248725942740537
train/tv_reg_l2: 0.014252359461453225
