iterations_per_sec: 42.13409495667384
train/distortion_loss: 0.4124768415484766
train/grad_norm: 0.061347956910277855
train/interlevel_loss: 0.002281125324467818
train/iterations_per_sec: 42.13409495667384
train/l12_reg: 0.7222768254954406
train/loss: 0.02338246999289652
train/mse: 0.020405867202865958
train/psnr: 16.90416991108596
train/tv_reg_l1: 0.1292919936505231
train/tv_reg_l2: 0.028300070119175045
