iterations_per_sec: 41.065852729015575
train/distortion_loss: 0.5059863343985394
train/grad_norm: 0.07630493691322779
train/interlevel_loss: 0.0020041953562994048
train/iterations_per_sec: 41.065852729015575
train/l12_reg: 1.434149732493391
train/loss: 0.014259274004761017
train/mse: 0.011504820077633015
train/psnr: 19.393971144550978
train/tv_reg_l1: 0.12694551697885148
train/tv_reg_l2: 0.024427222558344255
