lpips: 0.14800384640693665
mse: 0.004379195161163807
psnr: 23.695889937623843
ssim: 0.855461061000824
