iterations_per_sec: 49.19339429720242
train/distortion_loss: 0.008751732301945337
train/grad_norm: 0.08366384998791748
train/interlevel_loss: 0.0013555303425292927
train/iterations_per_sec: 49.19339429720242
train/l12_reg: 0.6576078762911787
train/loss: 0.005147940262851089
train/mse: 0.0036616817191995757
train/psnr: 24.377756966484917
train/tv_reg_l1: 0.07127613860248315
train/tv_reg_l2: 0.012197647516549838
