lpips: 0.17450092732906342
mse: 0.00508478656411171
psnr: 23.04083196570319
ssim: 0.8100918531417847
