iterations_per_sec: 29.490211530813053
train/distortion_loss: 0.012770299715074625
train/grad_norm: 0.06855423169003592
train/interlevel_loss: 0.001512493038634685
train/iterations_per_sec: 29.490211530813053
train/l12_reg: 0.8112267165473013
train/loss: 0.006255265155976469
train/mse: 0.004570624687605434
train/psnr: 23.410053927489002
train/tv_reg_l1: 0.08416647095270831
train/tv_reg_l2: 0.015937712513888726
