lpips: 0.09559822082519531
mse: 0.0013066837564110756
psnr: 29.136189805815
ssim: 0.8725275993347168
