lpips: 0.10116522759199142
mse: 0.0009436336695216596
psnr: 30.289063681987855
ssim: 0.8679926991462708
