iterations_per_sec: 22.28958271919699
train/distortion_loss: 0.010698933577673002
train/grad_norm: 0.000899320783451049
train/interlevel_loss: 0.0003540016918894694
train/iterations_per_sec: 22.28958271919699
train/l12_reg: 0.619891902413031
train/loss: 0.0022026864256747443
train/mse: 0.00096064103670851
train/psnr: 30.198172347714202
train/tv_reg_l1: 0.09472625371482638
train/tv_reg_l2: 0.025745282815110803
