lpips: 0.011808161623775959
mse: 0.0003808141627814621
psnr: 34.418582336951836
ssim: 0.9797565340995789
