lpips: 0.009209245443344116
mse: 0.0002976793912239373
psnr: 35.5721392609936
ssim: 0.9832813739776611
