iterations_per_sec: 16.557801249104596
train/distortion_loss: 0.0010529886249151796
train/grad_norm: 0.011712875348901508
train/interlevel_loss: 0.00014732408674193942
train/iterations_per_sec: 16.557801249104596
train/l12_reg: 2.251086275986951
train/loss: 0.0004602927547606705
train/mse: 0.00031191567776282553
train/psnr: 35.09531622221976
train/tv_reg_l1: 1.3538000896723583
train/tv_reg_l2: 1.5902891255388356
