iterations_per_sec: 34.4568646112868
train/distortion_loss: 0.2867656777603458
train/grad_norm: 0.49157437230601453
train/interlevel_loss: 0.004774371956973666
train/iterations_per_sec: 34.4568646112868
train/l12_reg: 0.80360275145733
train/loss: 0.03030656586692791
train/mse: 0.023246370218317918
train/psnr: 16.33798396948612
train/tv_reg_l1: 0.2641613381077545
train/tv_reg_l2: 0.1195455031714054
