lpips: 0.27541494369506836
mse: 0.005841491743922234
psnr: 22.48914257764648
ssim: 0.7423867583274841
