iterations_per_sec: 48.566994995798915
train/distortion_loss: 0.03147660058480923
train/grad_norm: 0.08331485499035228
train/interlevel_loss: 0.0014127557144754312
train/iterations_per_sec: 48.566994995798915
train/l12_reg: 0.9017504375390332
train/loss: 0.006506181458444006
train/mse: 0.004875433170283684
train/psnr: 23.134865153919566
train/tv_reg_l1: 0.09908348058510308
train/tv_reg_l2: 0.018651600212159784
