iterations_per_sec: 43.25152589123486
train/distortion_loss: 0.07523797836267587
train/grad_norm: 0.1696959886737544
train/interlevel_loss: 0.0009818491978674298
train/iterations_per_sec: 43.25152589123486
train/l12_reg: 0.6803209673274647
train/loss: 0.024521132837040254
train/mse: 0.022846688977395644
train/psnr: 16.413189782036675
train/tv_reg_l1: 0.1503045324123267
train/tv_reg_l2: 0.061735673233716176
