lpips: 0.013926816172897816
mse: 0.00016737963596824557
psnr: 37.827266443149185
ssim: 0.9803693294525146
