lpips: 0.01623551920056343
mse: 0.0002621819730848074
psnr: 36.4251635097676
ssim: 0.9781936407089233
