iterations_per_sec: 29.870162174375675
train/distortion_loss: 0.0030694633764638143
train/grad_norm: 0.011336287424777342
train/interlevel_loss: 0.0001256088890850243
train/iterations_per_sec: 29.870162174375675
train/l12_reg: 0.4181151645954209
train/loss: 0.0008098324531491733
train/mse: 0.00017192132678118093
train/psnr: 37.67981496483389
train/tv_reg_l1: 0.043714985439572675
train/tv_reg_l2: 0.009111760278241803
