iterations_per_sec: 40.63897649198062
train/distortion_loss: 0.44151246698215757
train/grad_norm: 0.04899013988824204
train/interlevel_loss: 0.002733844156010133
train/iterations_per_sec: 40.63897649198062
train/l12_reg: 0.8268538990406075
train/loss: 0.02007302837540405
train/mse: 0.016630839405938833
train/psnr: 17.792486768780332
train/tv_reg_l1: 0.12783230419712838
train/tv_reg_l2: 0.026683225475176417
