lpips: 0.03671782836318016
mse: 0.0018679568311199546
psnr: 27.66363124114308
ssim: 0.9300114512443542
