lpips: 0.022819476202130318
mse: 0.0006852083606645465
psnr: 31.870966782335373
ssim: 0.9589878916740417
