iterations_per_sec: 15.33091537415097
train/distortion_loss: 0.012873262129347734
train/grad_norm: 0.0359526833218306
train/interlevel_loss: 0.00042345231508299935
train/iterations_per_sec: 15.33091537415097
train/l12_reg: 2.4233030718986432
train/loss: 0.0011583574215006647
train/mse: 0.0007220318404524916
train/psnr: 31.448052473742553
train/tv_reg_l1: 1.8650065913344875
train/tv_reg_l2: 2.578565876893323
