iterations_per_sec: 40.92849136349934
train/distortion_loss: 0.8006379748835708
train/grad_norm: 0.06318017117904895
train/interlevel_loss: 0.001735004407090295
train/iterations_per_sec: 40.92849136349934
train/l12_reg: 1.0390320715278085
train/loss: 0.017559696045337303
train/mse: 0.01480657301579762
train/psnr: 18.29775083907927
train/tv_reg_l1: 0.11738013257884015
train/tv_reg_l2: 0.021748056672889777
