lpips: 0.17899981141090393
mse: 0.005603646859526634
psnr: 22.603554426228094
ssim: 0.8001587390899658
