iterations_per_sec: 46.633291614483944
train/distortion_loss: 0.015302385363464404
train/grad_norm: 0.058377376089643954
train/interlevel_loss: 0.0005625574984775875
train/iterations_per_sec: 46.633291614483944
train/l12_reg: 0.9793403202837164
train/loss: 0.005759423626869014
train/mse: 0.005004086818621315
train/psnr: 23.01625536909007
train/tv_reg_l1: 0.10326028269047689
train/tv_reg_l2: 0.017747695379034437
