iterations_per_sec: 17.767650360724872
train/distortion_loss: 0.2305223825905058
train/grad_norm: 0.29688000874687925
train/interlevel_loss: 0.003497109821329665
train/iterations_per_sec: 17.767650360724872
train/l12_reg: 2.3864757316281096
train/loss: 0.013127254745499655
train/mse: 0.009399622434166947
train/psnr: 20.272389094034832
train/tv_reg_l1: 1.7688974683934993
train/tv_reg_l2: 2.5113979301067313
