iterations_per_sec: 40.83937916804826
train/distortion_loss: 0.5408844676884738
train/grad_norm: 0.057601495034465884
train/interlevel_loss: 0.00158391877505552
train/iterations_per_sec: 40.83937916804826
train/l12_reg: 0.9408189455668131
train/loss: 0.0204489989714189
train/mse: 0.01803513134669776
train/psnr: 17.440644774774107
train/tv_reg_l1: 0.1484502162596192
train/tv_reg_l2: 0.02890643769066141
