lpips: 0.13204549252986908
mse: 0.001733304699882865
psnr: 27.676344999877273
ssim: 0.8975685238838196
