iterations_per_sec: 28.670643428442506
train/distortion_loss: 0.0120095716921067
train/grad_norm: 0.030988829708987413
train/interlevel_loss: 0.0006224368681256292
train/iterations_per_sec: 28.670643428442506
train/l12_reg: 1.1877690830616037
train/loss: 0.0023417482129062966
train/mse: 0.0016035900834590346
train/psnr: 27.962640088013927
train/tv_reg_l1: 0.07447865838655318
train/tv_reg_l2: 0.010371168087603468
