lpips: 0.038963500410318375
mse: 0.0014110394986346364
psnr: 28.579437971414315
ssim: 0.9512103199958801
