lpips: 0.049599789083004
mse: 0.003236139426007867
psnr: 25.189288042510753
ssim: 0.9323989748954773
