iterations_per_sec: 41.178977749046545
train/distortion_loss: 0.008538508684270911
train/grad_norm: 0.03864626170634621
train/interlevel_loss: 0.00037403774096141334
train/iterations_per_sec: 41.178977749046545
train/l12_reg: 0.503664037795982
train/loss: 0.0026834890307538737
train/mse: 0.0014984736059124421
train/psnr: 28.270672711459074
train/tv_reg_l1: 0.09391225859372303
train/tv_reg_l2: 0.02987751312027074
