iterations_per_sec: 40.50987632690408
train/distortion_loss: 0.306206603543927
train/grad_norm: 0.04782738880903432
train/interlevel_loss: 0.0026655445707905474
train/iterations_per_sec: 40.50987632690408
train/l12_reg: 0.8979437333164793
train/loss: 0.019479427486658096
train/mse: 0.016224861577755274
train/psnr: 17.900097933682527
train/tv_reg_l1: 0.13725635018011537
train/tv_reg_l2: 0.028281460901854013
