iterations_per_sec: 18.04918824233627
train/distortion_loss: 0.32138606574800277
train/grad_norm: 0.18250051005320114
train/interlevel_loss: 0.0017041046645097208
train/iterations_per_sec: 18.04918824233627
train/l12_reg: 2.419858626645021
train/loss: 0.005578599794946536
train/mse: 0.0035531090577180036
train/psnr: 24.501262029012043
train/tv_reg_l1: 1.66585798094971
train/tv_reg_l2: 2.078128212630147
