lpips: 0.014938779175281525
mse: 0.0002688125241547823
psnr: 36.53523907554299
ssim: 0.9782237410545349
