lpips: 0.011990232393145561
mse: 0.00015352330228779465
psnr: 38.20952830635355
ssim: 0.9810775518417358
