iterations_per_sec: 17.632468213199708
train/distortion_loss: 0.002874947569304795
train/grad_norm: 0.00863042706858856
train/interlevel_loss: 0.00011683493887010792
train/iterations_per_sec: 17.632468213199708
train/l12_reg: 2.0443093439545295
train/loss: 0.0002762904291328118
train/mse: 0.00015658054171856776
train/psnr: 38.090298007232974
train/tv_reg_l1: 1.2575919134448272
train/tv_reg_l2: 1.4206424229072803
