iterations_per_sec: 41.71010808846094
train/distortion_loss: 0.3923815440649938
train/grad_norm: 0.08635541077966642
train/interlevel_loss: 0.002398927307998141
train/iterations_per_sec: 41.71010808846094
train/l12_reg: 1.0746704628973296
train/loss: 0.026093574428949693
train/mse: 0.022987685533183994
train/psnr: 16.3870572754831
train/tv_reg_l1: 0.15029980964732892
train/tv_reg_l2: 0.031458006701385134
