lpips: 0.01609310880303383
mse: 0.0002584266767371446
psnr: 36.472276282744815
ssim: 0.9778622388839722
