lpips: 0.01446092501282692
mse: 0.00016782712191343307
psnr: 37.81730875310782
ssim: 0.9797417521476746
