iterations_per_sec: 65.82759736806754
train/distortion_loss: 0.002542558961049324
train/grad_norm: 0.00045585968576352856
train/interlevel_loss: 0.000101278345229932
train/iterations_per_sec: 65.82759736806754
train/l12_reg: 0.3392354069334088
train/loss: 0.0006854402158889129
train/mse: 0.00017115327169780028
train/psnr: 37.693843186503706
train/tv_reg_l1: 0.028605356812477112
train/tv_reg_l2: 0.0071230623965161015
