lpips: 0.016220822930336
mse: 0.000269096257397905
psnr: 36.397440890575865
ssim: 0.9782350659370422
