lpips: 0.014114383608102798
mse: 0.00017048163863364607
psnr: 37.74808586340091
ssim: 0.9801923632621765
