iterations_per_sec: 32.26012799129088
train/distortion_loss: 0.0030135364845545604
train/grad_norm: 0.012042887584127561
train/interlevel_loss: 0.00011009552580424386
train/iterations_per_sec: 32.26012799129088
train/l12_reg: 0.39081633211386324
train/loss: 0.0007630772553525413
train/mse: 0.00017515732767119194
train/psnr: 37.59925287420099
train/tv_reg_l1: 0.036545689321226545
train/tv_reg_l2: 0.008399452092220086
