lpips: 0.14275722205638885
mse: 0.0032201088033616543
psnr: 24.937022385193277
ssim: 0.9152306914329529
