iterations_per_sec: 28.133377906506535
train/distortion_loss: 0.004084503769667612
train/grad_norm: 0.07663387923755428
train/interlevel_loss: 0.0005103628594437708
train/iterations_per_sec: 28.133377906506535
train/l12_reg: 0.8640498910287414
train/loss: 0.0037545986177230425
train/mse: 0.0030585457218077145
train/psnr: 25.173749018197107
train/tv_reg_l1: 0.09665018162040999
train/tv_reg_l2: 0.018160554777943726
