iterations_per_sec: 16.17223795857313
train/distortion_loss: 0.08441151400106121
train/grad_norm: 0.26293604391993897
train/interlevel_loss: 0.002958312983427084
train/iterations_per_sec: 16.17223795857313
train/l12_reg: 1.9211445721712979
train/loss: 0.006860464096370369
train/mse: 0.0038177396166091315
train/psnr: 24.189599990844727
train/tv_reg_l1: 1.3456646854227239
train/tv_reg_l2: 1.8364737479373663
