lpips: 0.19965596497058868
mse: 0.005902727134525776
psnr: 22.372648368583572
ssim: 0.7932729125022888
