iterations_per_sec: 31.04166430207339
train/distortion_loss: 0.01484819571252423
train/grad_norm: 0.06333693534587369
train/interlevel_loss: 0.0011444297558016547
train/iterations_per_sec: 31.04166430207339
train/l12_reg: 0.9736031059062842
train/loss: 0.006665488926110545
train/mse: 0.005327185644119075
train/psnr: 22.74411596433081
train/tv_reg_l1: 0.10010804582123804
train/tv_reg_l2: 0.017902536374149902
