iterations_per_sec: 13.7711879581693
train/distortion_loss: 0.27364991319299947
train/grad_norm: 0.1623102134526378
train/interlevel_loss: 0.0021039009437604683
train/iterations_per_sec: 13.7711879581693
train/l12_reg: 2.4633756671289
train/loss: 0.007162415144983867
train/mse: 0.004784864251210232
train/psnr: 23.205500766484423
train/tv_reg_l1: 1.6856803147479742
train/tv_reg_l2: 2.1226846352972166
