lpips: 0.012443511746823788
mse: 0.00015228232950903475
psnr: 38.24876923919921
ssim: 0.9819925427436829
