lpips: 0.014545734040439129
mse: 0.0002499213442206383
psnr: 36.7502918827977
ssim: 0.9797671437263489
