iterations_per_sec: 32.96827914381778
train/distortion_loss: 0.0023598325147171214
train/grad_norm: 0.008637319669372054
train/interlevel_loss: 9.08211435248953e-05
train/iterations_per_sec: 32.96827914381778
train/l12_reg: 0.34264768915947036
train/loss: 0.0006668669473840808
train/mse: 0.0001573711822563171
train/psnr: 38.06971736869426
train/tv_reg_l1: 0.03015181173880895
train/tv_reg_l2: 0.0073667083575267986
