lpips: 0.012588572688400745
mse: 0.0003966358781326562
psnr: 34.425331471574104
ssim: 0.9733625650405884
