lpips: 0.008889630436897278
mse: 0.00022395426640287042
psnr: 36.58792623648248
ssim: 0.9786990284919739
