iterations_per_sec: 34.424496396695524
train/distortion_loss: 0.003114237885150795
train/grad_norm: 0.017524612921694615
train/interlevel_loss: 0.0005191399382469667
train/iterations_per_sec: 34.424496396695524
train/l12_reg: 0.4674102682055849
train/loss: 0.0014594693343634858
train/mse: 0.0002444813336948911
train/psnr: 36.174848190461745
train/tv_reg_l1: 0.06753906652782903
train/tv_reg_l2: 0.0225323543818009
