lpips: 0.015065032988786697
mse: 0.0002754329761955887
psnr: 36.524688172297175
ssim: 0.9793017506599426
