lpips: 0.012276086024940014
mse: 0.00015255184553097934
psnr: 38.23211284040187
ssim: 0.9819027185440063
