iterations_per_sec: 41.399180176918556
train/distortion_loss: 0.0029740324361494396
train/grad_norm: 0.008639405973048674
train/interlevel_loss: 0.00011279171965063803
train/iterations_per_sec: 41.399180176918556
train/l12_reg: 0.42443626938444196
train/loss: 0.0007914130439549082
train/mse: 0.0001565043866955393
train/psnr: 38.088522631712635
train/tv_reg_l1: 0.043850028718059715
train/tv_reg_l2: 0.009470661349519335
