lpips: 0.00796066876500845
mse: 0.000344865518854931
psnr: 34.86686147509001
ssim: 0.9863734245300293
