lpips: 0.010009451769292355
mse: 0.0004838615714106709
psnr: 33.331212158101295
ssim: 0.9835006594657898
