iterations_per_sec: 16.385387866480126
train/distortion_loss: 0.0029334841587703034
train/grad_norm: 0.02713514952873341
train/interlevel_loss: 8.934447646195144e-05
train/iterations_per_sec: 16.385387866480126
train/l12_reg: 2.0330931008464157
train/loss: 0.00046322905932402595
train/mse: 0.0003709510992389323
train/psnr: 34.36763597738863
train/tv_reg_l1: 1.3901693941366793
train/tv_reg_l2: 1.5310452429935186
