iterations_per_sec: 16.330369077401777
train/distortion_loss: 0.12168122662438287
train/grad_norm: 0.34487136265244145
train/interlevel_loss: 0.003081522442193495
train/iterations_per_sec: 16.330369077401777
train/l12_reg: 2.03136508633392
train/loss: 0.010051076187554634
train/mse: 0.006847872516384932
train/psnr: 21.64638357451468
train/tv_reg_l1: 1.307819837271565
train/tv_reg_l2: 1.6593199607097742
