lpips: 0.13748331367969513
mse: 0.005441135726869106
psnr: 22.701473464977767
ssim: 0.8711736798286438
