iterations_per_sec: 53.118041407356756
train/distortion_loss: 0.013857935056692422
train/grad_norm: 0.03566597757691687
train/interlevel_loss: 0.0004919958165658619
train/iterations_per_sec: 53.118041407356756
train/l12_reg: 0.7022188287792783
train/loss: 0.005276716540031361
train/mse: 0.0046070829607696845
train/psnr: 23.375851544466887
train/tv_reg_l1: 0.09524741798940331
train/tv_reg_l2: 0.01637798116890469
