lpips: 0.007542837411165237
mse: 0.0003635235480032861
psnr: 34.631202411966825
ssim: 0.9868103265762329
