lpips: 0.008831124752759933
mse: 0.00044992074253968894
psnr: 33.64558899092232
ssim: 0.9846323132514954
