iterations_per_sec: 38.59770063729701
train/distortion_loss: 0.0010823679551707976
train/grad_norm: 0.03127580030698969
train/interlevel_loss: 8.473277164445579e-05
train/iterations_per_sec: 38.59770063729701
train/l12_reg: 0.274417476521598
train/loss: 0.0008408973496783562
train/mse: 0.0003918306740363025
train/psnr: 34.12406674780027
train/tv_reg_l1: 0.026006942915946546
train/tv_reg_l2: 0.008883404376154596
