iterations_per_sec: 37.2250438555527
train/distortion_loss: 0.44807905982239077
train/grad_norm: 0.0506941070686085
train/interlevel_loss: 0.0025786893616308168
train/iterations_per_sec: 37.2250438555527
train/l12_reg: 0.9267270805859806
train/loss: 0.01950864762895637
train/mse: 0.016186572554888146
train/psnr: 17.91018356939759
train/tv_reg_l1: 0.14116125049615147
train/tv_reg_l2: 0.029530669571925895
