lpips: 0.08620180189609528
mse: 0.0011171612422913313
psnr: 29.681104152572352
ssim: 0.8800287842750549
