lpips: 0.09299030154943466
mse: 0.0008602884481661022
psnr: 30.687565883997905
ssim: 0.8757466077804565
