iterations_per_sec: 55.83524999984048
train/distortion_loss: 0.011053028996243622
train/grad_norm: 0.02339146171480116
train/interlevel_loss: 0.00029241332856025734
train/iterations_per_sec: 55.83524999984048
train/l12_reg: 0.5428622419183905
train/loss: 0.0019522148556066583
train/mse: 0.0008754550439371455
train/psnr: 30.601759611958204
train/tv_reg_l1: 0.08310832120854446
train/tv_reg_l2: 0.023043117156685
