lpips: 0.01140530500560999
mse: 0.0004966116975992918
psnr: 33.14779670502762
ssim: 0.9819350242614746
