lpips: 0.010170774534344673
mse: 0.0004323728790041059
psnr: 33.84793890119514
ssim: 0.9837735891342163
