iterations_per_sec: 32.418662037384614
train/distortion_loss: 0.0009947571735311714
train/grad_norm: 0.03866016190273292
train/interlevel_loss: 0.00011751572516243528
train/iterations_per_sec: 32.418662037384614
train/l12_reg: 0.27808443915964376
train/loss: 0.0009623027384290566
train/mse: 0.0004682018165241438
train/psnr: 33.34254112628975
train/tv_reg_l1: 0.025941549621597684
train/tv_reg_l2: 0.00975059714130681
