lpips: 0.009797537699341774
mse: 0.000421020231442526
psnr: 33.959590756771135
ssim: 0.9841790795326233
