lpips: 0.01101419236510992
mse: 0.00048789617721922696
psnr: 33.22334874505236
ssim: 0.9823567271232605
