iterations_per_sec: 46.18750261732051
train/distortion_loss: 0.0010380479407195717
train/grad_norm: 0.03762729176216655
train/interlevel_loss: 0.00011434924707635108
train/iterations_per_sec: 46.18750261732051
train/l12_reg: 0.2705662301694504
train/loss: 0.0009362843796620239
train/mse: 0.0004568936113936055
train/psnr: 33.45142094775884
train/tv_reg_l1: 0.025511445458790267
train/tv_reg_l2: 0.009343723249104288
