lpips: 0.05305073410272598
mse: 0.0033994894474744797
psnr: 24.94751422701377
ssim: 0.9285248517990112
