lpips: 0.043071895837783813
mse: 0.0015984114725142717
psnr: 28.045273994820274
ssim: 0.9458346366882324
