iterations_per_sec: 50.50024880199883
train/distortion_loss: 0.009478038694295619
train/grad_norm: 0.041901754252988886
train/interlevel_loss: 0.0004225691511164034
train/iterations_per_sec: 50.50024880199883
train/l12_reg: 0.5193634099430509
train/loss: 0.0029478643484639397
train/mse: 0.001683554373389919
train/psnr: 27.759631628942007
train/tv_reg_l1: 0.09903391729099582
train/tv_reg_l2: 0.03128993466044917
