iterations_per_sec: 18.62470162123255
train/distortion_loss: 0.02894039670325289
train/grad_norm: 0.09881874839916374
train/interlevel_loss: 0.0002638468968051702
train/iterations_per_sec: 18.62470162123255
train/l12_reg: 0.5532114909152792
train/loss: 0.0014052839251235127
train/mse: 0.0003587921910550013
train/psnr: 34.47655278986151
train/tv_reg_l1: 0.09478309088283116
train/tv_reg_l2: 0.020049291521762356
