lpips: 0.22059279680252075
mse: 0.00993819534778595
psnr: 20.093724402128764
ssim: 0.8082318305969238
