iterations_per_sec: 51.38983057157452
train/distortion_loss: 0.009999906841778395
train/grad_norm: 0.07650428329302807
train/interlevel_loss: 0.0006301391016071042
train/iterations_per_sec: 51.38983057157452
train/l12_reg: 0.9929734938072435
train/loss: 0.009340062078953994
train/mse: 0.008471927356275947
train/psnr: 20.730910214510832
train/tv_reg_l1: 0.11749765419899816
train/tv_reg_l2: 0.02279957233354299
