iterations_per_sec: 12.70803197387949
train/distortion_loss: 0.1475572870536284
train/grad_norm: 0.23140105439556968
train/interlevel_loss: 0.002752422150506666
train/iterations_per_sec: 12.70803197387949
train/l12_reg: 2.218212780326304
train/loss: 0.0060316857627846976
train/mse: 0.0031317063240390835
train/psnr: 25.047890865441524
train/tv_reg_l1: 1.6533017676286024
train/tv_reg_l2: 2.1277769695628774
