lpips: 0.02082930877804756
mse: 0.0007432770216837525
psnr: 31.520341921262883
ssim: 0.9595544338226318
