lpips: 0.026637854054570198
mse: 0.00134896335657686
psnr: 28.909901214719007
ssim: 0.940584659576416
