iterations_per_sec: 34.18537202714584
train/distortion_loss: 0.006481974037608715
train/grad_norm: 0.032939145510846916
train/interlevel_loss: 0.00021941504515284166
train/iterations_per_sec: 34.18537202714584
train/l12_reg: 0.4571212042461742
train/loss: 0.0016363844701154815
train/mse: 0.0007714679755148186
train/psnr: 31.154457381277375
train/tv_reg_l1: 0.061591851779005745
train/tv_reg_l2: 0.01818982780807548
