iterations_per_sec: 39.51112389985469
train/distortion_loss: 0.029101656862732136
train/grad_norm: 0.138659255296895
train/interlevel_loss: 0.0006074668066999452
train/iterations_per_sec: 39.51112389985469
train/l12_reg: 0.6185485353373518
train/loss: 0.015785020851351396
train/mse: 0.014520802544523972
train/psnr: 18.383355285182144
train/tv_reg_l1: 0.13681605443207903
train/tv_reg_l2: 0.06276500112179553
