lpips: 0.054619427770376205
mse: 0.003302449593320489
psnr: 25.07597548816866
ssim: 0.9270031452178955
