lpips: 0.044080737978219986
mse: 0.0015801286790519953
psnr: 28.084935440044138
ssim: 0.9452727437019348
