iterations_per_sec: 37.69495008163301
train/distortion_loss: 0.010707991320000153
train/grad_norm: 0.03880772784803853
train/interlevel_loss: 0.0005545065890541394
train/iterations_per_sec: 37.69495008163301
train/l12_reg: 0.5488244132562117
train/loss: 0.003095032677825804
train/mse: 0.0016485105863668853
train/psnr: 27.85235462766705
train/tv_reg_l1: 0.11328395207722981
train/tv_reg_l2: 0.03324830991150153
