iterations_per_sec: 38.497171804931355
train/distortion_loss: 0.05626067982027025
train/grad_norm: 0.01632550320202353
train/interlevel_loss: 0.00021032385752686874
train/iterations_per_sec: 38.497171804931355
train/l12_reg: 0.6127423565797131
train/loss: 0.028224918709108322
train/mse: 0.027903415206255333
train/psnr: 15.544426523073755
train/tv_reg_l1: 0.03523302537323249
train/tv_reg_l2: 0.005491898423342994
