lpips: 0.014758694916963577
mse: 0.0004948553396388888
psnr: 33.12802643132892
ssim: 0.9778679013252258
