lpips: 0.02033543772995472
mse: 0.0009963881457224488
psnr: 30.170216314151855
ssim: 0.9654721021652222
