iterations_per_sec: 18.663697097967344
train/distortion_loss: 0.011059716381508895
train/grad_norm: 0.00101673703069206
train/interlevel_loss: 0.00034996269316638285
train/iterations_per_sec: 18.663697097967344
train/l12_reg: 2.272609956336744
train/loss: 0.0008776778569256868
train/mse: 0.0005166554436054683
train/psnr: 32.89674142394403
train/tv_reg_l1: 1.9557375944021977
train/tv_reg_l2: 2.836884334833935
