lpips: 0.05179059877991676
mse: 0.003390575060620904
psnr: 25.016988417701146
ssim: 0.9286769032478333
