lpips: 0.04029841721057892
mse: 0.0014325471129268408
psnr: 28.515528269894926
ssim: 0.9492232799530029
