iterations_per_sec: 41.098463358181405
train/distortion_loss: 0.014116116225568935
train/grad_norm: 0.03885418831398993
train/interlevel_loss: 0.0005434783583629237
train/iterations_per_sec: 41.098463358181405
train/l12_reg: 0.5561543263570227
train/loss: 0.00296484050105768
train/mse: 0.0015058878084851636
train/psnr: 28.247671146585486
train/tv_reg_l1: 0.12084178001892687
train/tv_reg_l2: 0.03452038606910995
