lpips: 0.04354194551706314
mse: 0.0014919238165020943
psnr: 28.327315929449085
ssim: 0.9452729225158691
