lpips: 0.06252182275056839
mse: 0.0043259565718472
psnr: 23.96042265505176
ssim: 0.9182330369949341
