iterations_per_sec: 16.280785174029305
train/distortion_loss: 0.023421567554275196
train/grad_norm: 0.03405491625796063
train/interlevel_loss: 0.000848291582319735
train/iterations_per_sec: 16.280785174029305
train/l12_reg: 2.4211166796058117
train/loss: 0.0024123252416499937
train/mse: 0.0015406120883658379
train/psnr: 28.149273092096504
train/tv_reg_l1: 1.8584956376239508
train/tv_reg_l2: 2.416728780727194
