lpips: 0.0756511315703392
mse: 0.0009670965373516083
psnr: 30.29052752314206
ssim: 0.8899113535881042
