lpips: 0.08321772515773773
mse: 0.0007452626014128327
psnr: 31.316115609627122
ssim: 0.8867391347885132
