iterations_per_sec: 53.078211363946956
train/distortion_loss: 0.00931385951587046
train/grad_norm: 0.0007871640581552955
train/interlevel_loss: 0.0003774749859461956
train/iterations_per_sec: 53.078211363946956
train/l12_reg: 0.5189733607600434
train/loss: 0.0018859362439017254
train/mse: 0.0007659958668448256
train/psnr: 31.185226806486497
train/tv_reg_l1: 0.06957205226927092
train/tv_reg_l2: 0.021417812303160175
