lpips: 0.06100016459822655
mse: 0.004250003024935722
psnr: 24.026656781919407
ssim: 0.9198676943778992
