lpips: 0.04277408495545387
mse: 0.0014623126480728388
psnr: 28.40465941308873
ssim: 0.9464201331138611
