iterations_per_sec: 16.727790999399414
train/distortion_loss: 0.022370778306415588
train/grad_norm: 0.03491963455547588
train/interlevel_loss: 0.000786944392438263
train/iterations_per_sec: 16.727790999399414
train/l12_reg: 2.414612782121909
train/loss: 0.002337381953956804
train/mse: 0.0015280667734755712
train/psnr: 28.181187774195816
train/tv_reg_l1: 1.7733204027619025
train/tv_reg_l2: 2.331607799337368
