lpips: 0.1721571385860443
mse: 0.0052341981790959835
psnr: 22.942334489459782
ssim: 0.8400630354881287
