iterations_per_sec: 51.12936664838143
train/distortion_loss: 0.009592587053023204
train/grad_norm: 0.07902940366454798
train/interlevel_loss: 0.001244363353841684
train/iterations_per_sec: 51.12936664838143
train/l12_reg: 0.8318602490906764
train/loss: 0.0058137729453543825
train/mse: 0.004410152217711915
train/psnr: 23.57534354624122
train/tv_reg_l1: 0.0852108493898854
train/tv_reg_l2: 0.0149664773671615
