lpips: 0.010325579904019833
mse: 0.00042660749750211835
psnr: 33.944400104335266
ssim: 0.9834301471710205
