lpips: 0.011699971742928028
mse: 0.0005024753627367318
psnr: 33.09607563948905
ssim: 0.9814887046813965
