iterations_per_sec: 22.009431059176233
train/distortion_loss: 0.0019216300035365904
train/grad_norm: 0.0008711010668041053
train/interlevel_loss: 7.794771884830264e-05
train/iterations_per_sec: 22.009431059176233
train/l12_reg: 1.9439179379530627
train/loss: 0.0005323335286135776
train/mse: 0.0004524641800812925
train/psnr: 33.487011418198094
train/tv_reg_l1: 1.3575405448374123
train/tv_reg_l2: 1.5309146919635812
