iterations_per_sec: 33.25042278842611
train/distortion_loss: 0.2367070165246424
train/grad_norm: 0.3781893891517562
train/interlevel_loss: 0.0022839672153232376
train/iterations_per_sec: 33.25042278842611
train/l12_reg: 0.7428582521400067
train/loss: 0.011678108399865604
train/mse: 0.007661085354747495
train/psnr: 21.161157261241566
train/tv_reg_l1: 0.20460250446892747
train/tv_reg_l2: 0.07534906049870481
