lpips: 0.013157456181943417
mse: 0.0002912809432018548
psnr: 35.45969715857669
ssim: 0.9734750390052795
