lpips: 0.01778842881321907
mse: 0.0005235729622654617
psnr: 33.209330354223525
ssim: 0.9662387371063232
