iterations_per_sec: 54.42399154043541
train/distortion_loss: 0.0036018520259684084
train/grad_norm: 0.0006643480755332293
train/interlevel_loss: 0.0005400555753360757
train/iterations_per_sec: 54.42399154043541
train/l12_reg: 0.5531981334541783
train/loss: 0.0016981286732856223
train/mse: 0.00031694645344895885
train/psnr: 35.04889127943251
train/tv_reg_l1: 0.09177697916524578
train/tv_reg_l2: 0.028432667913912524
