lpips: 0.14264772832393646
mse: 0.003017462557181716
psnr: 25.353820126932366
ssim: 0.865583062171936
