iterations_per_sec: 48.27167337838576
train/distortion_loss: 0.005573389449655407
train/grad_norm: 0.029776155158425823
train/interlevel_loss: 0.0009169777081526741
train/iterations_per_sec: 48.27167337838576
train/l12_reg: 0.8540583547919688
train/loss: 0.0038108506470429476
train/mse: 0.0027708670340779455
train/psnr: 25.584380409934305
train/tv_reg_l1: 0.07293546448151271
train/tv_reg_l2: 0.011743249343425938
