iterations_per_sec: 47.46552201779278
train/distortion_loss: 0.22021210479615916
train/grad_norm: 0.1710241318050057
train/interlevel_loss: 0.0014226047070508804
train/iterations_per_sec: 47.46552201779278
train/l12_reg: 0.7513320446014404
train/loss: 0.0049880901963045505
train/mse: 0.0020551807564598594
train/psnr: 26.879860906889945
train/tv_reg_l1: 0.17052935093942315
train/tv_reg_l2: 0.05387604895113694
