lpips: 0.010053393431007862
mse: 0.0004821128095500171
psnr: 33.358393263544514
ssim: 0.9834406971931458
