lpips: 0.007979468442499638
mse: 0.0003369785554241389
psnr: 34.94509709274189
ssim: 0.9864639043807983
