iterations_per_sec: 16.884969754282142
train/distortion_loss: 0.003194468173508843
train/grad_norm: 0.030092313434138443
train/interlevel_loss: 9.035674031680412e-05
train/iterations_per_sec: 16.884969754282142
train/l12_reg: 2.0630650761151554
train/loss: 0.00045272323063038516
train/mse: 0.0003591720192667304
train/psnr: 34.49492537373244
train/tv_reg_l1: 1.3934171573080198
train/tv_reg_l2: 1.5432212003553756
