lpips: 0.015066539868712425
mse: 0.00044124043779447675
psnr: 33.89699904450604
ssim: 0.970441997051239
