lpips: 0.010217602364718914
mse: 0.0002469400642439723
psnr: 36.17243366526618
ssim: 0.9767341017723083
