iterations_per_sec: 16.157829589101542
train/distortion_loss: 0.0033819273777418966
train/grad_norm: 0.015472324329870517
train/interlevel_loss: 0.0007707796199482423
train/iterations_per_sec: 16.157829589101542
train/l12_reg: 2.4390627205973923
train/loss: 0.0010381402986387562
train/mse: 0.00026397874553551467
train/psnr: 35.8394274856105
train/tv_reg_l1: 1.4360745302354447
train/tv_reg_l2: 2.0572720055628304
