lpips: 0.017606446519494057
mse: 0.0007870980189181864
psnr: 31.099977134506613
ssim: 0.9698322415351868
