lpips: 0.015536717139184475
mse: 0.0005444959388114512
psnr: 32.712959363305494
ssim: 0.9780137538909912
