iterations_per_sec: 41.000785962265844
train/distortion_loss: 0.005738767865819462
train/grad_norm: 0.014475345597461317
train/interlevel_loss: 0.0007142249707631164
train/iterations_per_sec: 41.000785962265844
train/l12_reg: 0.3562034341421994
train/loss: 0.0018099626206388377
train/mse: 0.0005721648357752147
train/psnr: 32.45792105703643
train/tv_reg_l1: 0.05134999462299877
train/tv_reg_l2: 0.016163059783102285
