lpips: 0.010724400170147419
mse: 0.0003233987372368574
psnr: 35.23169576543755
ssim: 0.9817583560943604
