lpips: 0.013769869692623615
mse: 0.0004030458221677691
psnr: 34.15223892710297
ssim: 0.9780676364898682
