iterations_per_sec: 51.44929512713783
train/distortion_loss: 0.0010079055580056527
train/grad_norm: 0.01610286437407738
train/interlevel_loss: 0.00013559727820466658
train/iterations_per_sec: 51.44929512713783
train/l12_reg: 0.41128533897977887
train/loss: 0.0010294033716564453
train/mse: 0.0003374221527742015
train/psnr: 34.754798619434084
train/tv_reg_l1: 0.04746360640333156
train/tv_reg_l2: 0.014409069291720486
