iterations_per_sec: 37.90088207285595
train/distortion_loss: 0.5724243557814396
train/grad_norm: 0.08264652632101617
train/interlevel_loss: 0.0024644199810508224
train/iterations_per_sec: 37.90088207285595
train/l12_reg: 1.0147182917354083
train/loss: 0.01646155993821043
train/mse: 0.013158216423383265
train/psnr: 18.81149692728062
train/tv_reg_l1: 0.14098053824419926
train/tv_reg_l2: 0.026649922433525625
