iterations_per_sec: 15.398711076898405
train/distortion_loss: 0.15040884023965007
train/grad_norm: 0.33352620989987347
train/interlevel_loss: 0.003968213379119683
train/iterations_per_sec: 15.398711076898405
train/l12_reg: 2.3442831328420928
train/loss: 0.009704800068654797
train/mse: 0.005586177792701155
train/psnr: 22.532099155464557
train/tv_reg_l1: 1.722171259648872
train/tv_reg_l2: 2.4165988979917583
