lpips: 0.020355336368083954
mse: 0.0006846497999504209
psnr: 31.86595952487586
ssim: 0.9624102711677551
