lpips: 0.02626262977719307
mse: 0.0013394855195656419
psnr: 28.962271645304504
ssim: 0.9425604343414307
