iterations_per_sec: 54.19597660451911
train/distortion_loss: 0.006674710919873582
train/grad_norm: 0.00100434904993333
train/interlevel_loss: 0.00022154039676263552
train/iterations_per_sec: 54.19597660451911
train/l12_reg: 0.4994302069900012
train/loss: 0.0016834703003611377
train/mse: 0.0007193466651987171
train/psnr: 31.460222802980983
train/tv_reg_l1: 0.0725677279059333
train/tv_reg_l2: 0.02364782840389796
