lpips: 0.12967444956302643
mse: 0.005332818254828453
psnr: 22.784119119736825
ssim: 0.8749740123748779
