iterations_per_sec: 52.99032560830546
train/distortion_loss: 0.013618235005950085
train/grad_norm: 0.03439558882529688
train/interlevel_loss: 0.000405924373266353
train/iterations_per_sec: 52.99032560830546
train/l12_reg: 0.7221262978784966
train/loss: 0.005173026649939893
train/mse: 0.004595915575257756
train/psnr: 23.384581344296233
train/tv_reg_l1: 0.08996367785665724
train/tv_reg_l2: 0.015756852661419397
