lpips: 0.11524897813796997
mse: 0.0015221905196085572
psnr: 28.307121767841924
ssim: 0.9057257175445557
