iterations_per_sec: 47.91098230451166
train/distortion_loss: 0.009672099028271859
train/grad_norm: 0.03215528932409455
train/interlevel_loss: 0.00031995697498481455
train/iterations_per_sec: 47.91098230451166
train/l12_reg: 0.9366658299860328
train/loss: 0.0017675584513750491
train/mse: 0.0013398837316969429
train/psnr: 28.748655877932155
train/tv_reg_l1: 0.07029898562515625
train/tv_reg_l2: 0.009804564612832937
