lpips: 0.012817622162401676
mse: 0.00015601352788507938
psnr: 38.13377486314087
ssim: 0.9805117845535278
