lpips: 0.015002927742898464
mse: 0.00024254176241811365
psnr: 36.77267262179462
ssim: 0.9785178899765015
