iterations_per_sec: 22.711411399439505
train/distortion_loss: 0.002224303968956299
train/grad_norm: 0.0005279471318712552
train/interlevel_loss: 7.487477470398646e-05
train/iterations_per_sec: 22.711411399439505
train/l12_reg: 1.9210216661896369
train/loss: 0.00023570274840099644
train/mse: 0.00015860366994559745
train/psnr: 38.03036175352155
train/tv_reg_l1: 1.0939071202518964
train/tv_reg_l2: 1.2100207889922943
