lpips: 0.016481775790452957
mse: 0.00047771219396963716
psnr: 33.514194114395075
ssim: 0.9671584367752075
