lpips: 0.012379436753690243
mse: 0.0002885588037315756
psnr: 35.50298864491024
ssim: 0.9733405113220215
