iterations_per_sec: 41.119443924749746
train/distortion_loss: 0.0032275131776590238
train/grad_norm: 0.020514541474932976
train/interlevel_loss: 0.00048279832911000335
train/iterations_per_sec: 41.119443924749746
train/l12_reg: 0.48710072492108203
train/loss: 0.0015191519574139906
train/mse: 0.00031166584151585334
train/psnr: 35.13098310220121
train/tv_reg_l1: 0.07117816813365378
train/tv_reg_l2: 0.023435953496532005
