lpips: 0.013220655731856823
mse: 0.00039923054282553494
psnr: 34.388547665904696
ssim: 0.9727166891098022
