lpips: 0.009401476010680199
mse: 0.00022335002722684294
psnr: 36.597778912327556
ssim: 0.9785952568054199
