iterations_per_sec: 38.4408195842065
train/distortion_loss: 0.0032930330307495716
train/grad_norm: 0.016093620593010477
train/interlevel_loss: 0.0004690912630964033
train/iterations_per_sec: 38.4408195842065
train/l12_reg: 0.4668259858483016
train/loss: 0.0014020474627614021
train/mse: 0.00024311705754077382
train/psnr: 36.20242351955838
train/tv_reg_l1: 0.06640066176351875
train/tv_reg_l2: 0.021972010137908386
