lpips: 0.03985042870044708
mse: 0.002458282746374607
psnr: 26.584877807402904
ssim: 0.9262763261795044
