lpips: 0.021948840469121933
mse: 0.0006480961455963552
psnr: 32.09969008335907
ssim: 0.9605356454849243
