iterations_per_sec: 15.860544592114657
train/distortion_loss: 0.01641897071679734
train/grad_norm: 0.029280191597839195
train/interlevel_loss: 0.0004694607932558001
train/iterations_per_sec: 15.860544592114657
train/l12_reg: 2.551432236276492
train/loss: 0.0011611226816765135
train/mse: 0.0006752429263092427
train/psnr: 31.736698439626984
train/tv_reg_l1: 1.9618198329752141
train/tv_reg_l2: 3.1025403292492184
