iterations_per_sec: 18.274058336018427
train/distortion_loss: 0.1937578743455386
train/grad_norm: 0.34709903296798167
train/interlevel_loss: 0.0018678331369007327
train/iterations_per_sec: 18.274058336018427
train/l12_reg: 0.7720701074359393
train/loss: 0.00886381541689237
train/mse: 0.005315010252436905
train/psnr: 22.748022233596956
train/tv_reg_l1: 0.20125344290275765
train/tv_reg_l2: 0.07151440719161371
