iterations_per_sec: 40.698788902490925
train/distortion_loss: 0.470861964153521
train/grad_norm: 0.07459930507372124
train/interlevel_loss: 0.0019067631025488179
train/iterations_per_sec: 40.698788902490925
train/l12_reg: 1.0627733685753562
train/loss: 0.014280719485020998
train/mse: 0.011666572238836024
train/psnr: 19.33326116234365
train/tv_reg_l1: 0.13228451182143858
train/tv_reg_l2: 0.02365220861151965
