lpips: 0.06140144169330597
mse: 0.004278069362044334
psnr: 23.993481697676188
ssim: 0.9196028113365173
