lpips: 0.042887311428785324
mse: 0.0014566488098353148
psnr: 28.42719223732674
ssim: 0.9465070366859436
