iterations_per_sec: 16.947588857810224
train/distortion_loss: 0.023391717781472688
train/grad_norm: 0.035014792900494855
train/interlevel_loss: 0.0008418502761145132
train/iterations_per_sec: 16.947588857810224
train/l12_reg: 2.408914397461246
train/loss: 0.0023916368114037644
train/mse: 0.001526394824854879
train/psnr: 28.191060364848436
train/tv_reg_l1: 1.767048149397879
train/tv_reg_l2: 2.3260510858863293
