iterations_per_sec: 18.433955247724903
train/distortion_loss: 0.060411790969094846
train/grad_norm: 0.1077794073657556
train/interlevel_loss: 0.0004607892155440317
train/iterations_per_sec: 18.433955247724903
train/l12_reg: 0.443364262279838
train/loss: 0.0020298371891105415
train/mse: 0.0008677801780515548
train/psnr: 30.622285977758544
train/tv_reg_l1: 0.07313965193249962
train/tv_reg_l2: 0.019749171392183112
