iterations_per_sec: 50.39467627236355
train/distortion_loss: 0.26849569455541744
train/grad_norm: 0.2983438136300655
train/interlevel_loss: 0.0038836453147608825
train/iterations_per_sec: 50.39467627236355
train/l12_reg: 0.684501233727041
train/loss: 0.014206121318192795
train/mse: 0.008546658885674645
train/psnr: 20.686147246697935
train/tv_reg_l1: 0.18782876958750716
train/tv_reg_l2: 0.08228199710749616
