lpips: 0.08102849870920181
mse: 0.0010968853021040559
psnr: 29.770278227833376
ssim: 0.8786710500717163
