lpips: 0.0869729146361351
mse: 0.0008277824381366372
psnr: 30.855122754172303
ssim: 0.8763144016265869
