iterations_per_sec: 16.90549727978266
train/distortion_loss: 0.01136100376871499
train/grad_norm: 0.01941376216145176
train/interlevel_loss: 0.0005861321461829122
train/iterations_per_sec: 16.90549727978266
train/l12_reg: 2.1878674222965433
train/loss: 0.0014382628653424256
train/mse: 0.0008407697126250526
train/psnr: 30.77586046854655
train/tv_reg_l1: 1.364955779277917
train/tv_reg_l2: 1.6609644107144288
