iterations_per_sec: 16.575497991150545
train/distortion_loss: 0.06519785301402362
train/grad_norm: 0.08910392066746047
train/interlevel_loss: 0.0011645418267245545
train/iterations_per_sec: 16.575497991150545
train/l12_reg: 0.5271648096315789
train/loss: 0.004857682618265501
train/mse: 0.002819505023929958
train/psnr: 25.5022227354724
train/tv_reg_l1: 0.10111803072269517
train/tv_reg_l2: 0.0281273051343783
