lpips: 0.13656768202781677
mse: 0.005340117029845715
psnr: 22.779833148898625
ssim: 0.871330976486206
