iterations_per_sec: 30.563058906365875
train/distortion_loss: 0.008749520062760573
train/grad_norm: 0.03386884707618843
train/interlevel_loss: 0.00036713511581918355
train/iterations_per_sec: 30.563058906365875
train/l12_reg: 0.8158607175855925
train/loss: 0.005109929935912592
train/mse: 0.004574268821137722
train/psnr: 23.406323230627812
train/tv_reg_l1: 0.09181613565394373
train/tv_reg_l2: 0.01597764916868523
