lpips: 0.02083636447787285
mse: 0.0009093476110137999
psnr: 30.472829537883126
ssim: 0.9661421179771423
