lpips: 0.018026648089289665
mse: 0.0005982322618365288
psnr: 32.30502909816594
ssim: 0.9756358861923218
