iterations_per_sec: 37.48532630863524
train/distortion_loss: 0.009396977619164519
train/grad_norm: 0.015622103812568115
train/interlevel_loss: 0.0009628576691017834
train/iterations_per_sec: 37.48532630863524
train/l12_reg: 0.36955256052691526
train/loss: 0.002141395265076573
train/mse: 0.0006177096799335847
train/psnr: 32.13169180744826
train/tv_reg_l1: 0.06888244022624661
train/tv_reg_l2: 0.01818783451436144
