lpips: 0.014091801829636097
mse: 0.0002526660682633519
psnr: 36.727349242263614
ssim: 0.9798704385757446
