lpips: 0.01203529629856348
mse: 0.00015275069745257497
psnr: 38.236388829610675
ssim: 0.9820742607116699
