iterations_per_sec: 34.587412017756144
train/distortion_loss: 0.0024284859225530216
train/grad_norm: 0.008592593615329025
train/interlevel_loss: 9.284465282101824e-05
train/iterations_per_sec: 34.587412017756144
train/l12_reg: 0.3329584083773873
train/loss: 0.0006583191576705437
train/mse: 0.00015745135654772943
train/psnr: 38.06072470154425
train/tv_reg_l1: 0.029616304739105582
train/tv_reg_l2: 0.007263623930589117
