lpips: 0.11274261772632599
mse: 0.004103788640350103
psnr: 23.994764865125898
ssim: 0.8719422817230225
