iterations_per_sec: 52.567189612464375
train/distortion_loss: 0.008576336815351188
train/grad_norm: 0.07110353308080723
train/interlevel_loss: 0.0003643254702440416
train/iterations_per_sec: 52.567189612464375
train/l12_reg: 0.7554548756040708
train/loss: 0.003920867366509305
train/mse: 0.0033825941035768602
train/psnr: 24.72665372520986
train/tv_reg_l1: 0.0862634578588033
train/tv_reg_l2: 0.016537150866681276
