lpips: 0.08279146254062653
mse: 0.0010292037623003125
psnr: 29.971317593656398
ssim: 0.883833646774292
