lpips: 0.09108185023069382
mse: 0.000823605339974165
psnr: 30.87434368620568
ssim: 0.8788813948631287
