iterations_per_sec: 31.053516301620352
train/distortion_loss: 0.010375677504473262
train/grad_norm: 0.02508017313525532
train/interlevel_loss: 0.00037927510078074507
train/iterations_per_sec: 31.053516301620352
train/l12_reg: 0.5944206401555225
train/loss: 0.002078925428742712
train/mse: 0.0008395643971832187
train/psnr: 30.77985567035097
train/tv_reg_l1: 0.09684799867446976
train/tv_reg_l2: 0.025528957502860012
