lpips: 0.23684726655483246
mse: 0.010169412940740585
psnr: 19.987415648565293
ssim: 0.8011866807937622
