iterations_per_sec: 51.39659271902647
train/distortion_loss: 0.013583703850856934
train/grad_norm: 0.07612565931196165
train/interlevel_loss: 0.000943265444330984
train/iterations_per_sec: 51.39659271902647
train/l12_reg: 0.9267909249874077
train/loss: 0.010016574072792675
train/mse: 0.008848909552049155
train/psnr: 20.542283183396464
train/tv_reg_l1: 0.11243424888211068
train/tv_reg_l2: 0.021081535239713362
