lpips: 0.016959691420197487
mse: 0.0005984441377222538
psnr: 32.470560256712126
ssim: 0.9660941362380981
