lpips: 0.022947905585169792
mse: 0.0012353492202237248
psnr: 29.342858241119785
ssim: 0.9462881684303284
