iterations_per_sec: 38.69920863064109
train/distortion_loss: 0.006438021359946391
train/grad_norm: 0.03220995041457089
train/interlevel_loss: 0.00014693869933112046
train/iterations_per_sec: 38.69920863064109
train/l12_reg: 0.371501019807777
train/loss: 0.0013188746101646261
train/mse: 0.0006420050807664114
train/psnr: 31.956743317421036
train/tv_reg_l1: 0.0459203247846377
train/tv_reg_l2: 0.015199177014180507
