iterations_per_sec: 17.921075877934744
train/distortion_loss: 0.25660621894128394
train/grad_norm: 0.15840020813424177
train/interlevel_loss: 0.002148613211407204
train/iterations_per_sec: 17.921075877934744
train/l12_reg: 2.543541862507059
train/loss: 0.007494130576349268
train/mse: 0.005088911100168421
train/psnr: 22.93755103602554
train/tv_reg_l1: 1.7237362789385247
train/tv_reg_l2: 2.1995723536520293
