iterations_per_sec: 42.32647213874183
train/distortion_loss: 0.3492987745940083
train/grad_norm: 0.0887021091249254
train/interlevel_loss: 0.00256745147782218
train/iterations_per_sec: 42.32647213874183
train/l12_reg: 1.0342736761979383
train/loss: 0.026960373225838247
train/mse: 0.02372401708153763
train/psnr: 16.250113323481397
train/tv_reg_l1: 0.15166962492947628
train/tv_reg_l2: 0.031960588174335884
