iterations_per_sec: 21.11422799518097
train/distortion_loss: 0.23659815737093337
train/grad_norm: 0.35613169408205786
train/interlevel_loss: 0.002363560620149729
train/iterations_per_sec: 21.11422799518097
train/l12_reg: 0.7391040102399961
train/loss: 0.012009663676673716
train/mse: 0.00791220429042975
train/psnr: 21.02100547636398
train/tv_reg_l1: 0.1934306099258288
train/tv_reg_l2: 0.07581966182198187
