lpips: 0.010731246322393417
mse: 0.0004768691142089665
psnr: 33.34757782641123
ssim: 0.9828019738197327
