lpips: 0.00946121197193861
mse: 0.0004079527279827744
psnr: 34.127099686132205
ssim: 0.9846948385238647
