iterations_per_sec: 52.654461877806796
train/distortion_loss: 0.001104715677105229
train/grad_norm: 0.03736632629626929
train/interlevel_loss: 6.929364466523478e-05
train/iterations_per_sec: 52.654461877806796
train/l12_reg: 0.2666228714615408
train/loss: 0.0008671953839089985
train/mse: 0.00044166005711598005
train/psnr: 33.60504957642218
train/tv_reg_l1: 0.02493678866838566
train/tv_reg_l2: 0.008851407584969443
