iterations_per_sec: 46.695730841150684
train/distortion_loss: 0.09677667893243558
train/grad_norm: 0.2994444158041116
train/interlevel_loss: 0.0017530585161758341
train/iterations_per_sec: 46.695730841150684
train/l12_reg: 0.5431564841607605
train/loss: 0.006434008239232229
train/mse: 0.0036664229648357086
train/psnr: 24.364902380741004
train/tv_reg_l1: 0.10222427554503836
train/tv_reg_l2: 0.03745935507344477
