iterations_per_sec: 40.8881076901069
train/distortion_loss: 0.32404003299848
train/grad_norm: 0.09057788550853729
train/interlevel_loss: 0.002355839170496723
train/iterations_per_sec: 40.8881076901069
train/l12_reg: 1.2856284717116693
train/loss: 0.025511122035859812
train/mse: 0.022533430708478196
train/psnr: 16.473590195781053
train/tv_reg_l1: 0.14454443256060281
train/tv_reg_l2: 0.029781211374534503
