lpips: 0.008770350366830826
mse: 0.0003520121390465647
psnr: 34.772231755980584
ssim: 0.9856547713279724
