lpips: 0.011121346615254879
mse: 0.0004902702639810741
psnr: 33.26309134796411
ssim: 0.9826652407646179
