iterations_per_sec: 16.7989893243082
train/distortion_loss: 0.0033282262527129865
train/grad_norm: 0.031063492202924356
train/interlevel_loss: 8.237142585608355e-05
train/iterations_per_sec: 16.7989893243082
train/l12_reg: 1.9914007945494219
train/loss: 0.0004638327048113099
train/mse: 0.0003781330503048281
train/psnr: 34.27909712357955
train/tv_reg_l1: 1.3744220673435865
train/tv_reg_l2: 1.4777765177717113
