lpips: 0.08562157303094864
mse: 0.0007956734043546021
psnr: 31.029219910976558
ssim: 0.8787452578544617
