lpips: 0.0788932666182518
mse: 0.0011411989107728004
psnr: 29.769499401881674
ssim: 0.8811610341072083
