iterations_per_sec: 13.602485738790973
train/distortion_loss: 0.01149472188806594
train/grad_norm: 0.017405258322303944
train/interlevel_loss: 0.0005441639655283793
train/iterations_per_sec: 13.602485738790973
train/l12_reg: 2.173145982954237
train/loss: 0.001362126989694632
train/mse: 0.000806468301993616
train/psnr: 30.95572843455305
train/tv_reg_l1: 1.371921839136066
train/tv_reg_l2: 1.6892563586283211
