lpips: 0.026362750679254532
mse: 0.0008220864692702889
psnr: 30.914573773672856
ssim: 0.967496395111084
