lpips: 0.030357282608747482
mse: 0.0012785488506779075
psnr: 29.020901686142533
ssim: 0.9558859467506409
