iterations_per_sec: 36.00867858314384
train/distortion_loss: 0.012365015430582894
train/grad_norm: 0.01889941826312229
train/interlevel_loss: 0.0027855781325600063
train/iterations_per_sec: 36.00867858314384
train/l12_reg: 0.32984890480234164
train/loss: 0.004149315747046712
train/mse: 0.0008527833628562289
train/psnr: 30.714411205715603
train/tv_reg_l1: 0.06571075673958268
train/tv_reg_l2: 0.016874029197626643
