lpips: 0.1000402644276619
mse: 0.0013722568983212113
psnr: 28.67751293688277
ssim: 0.9138337969779968
