iterations_per_sec: 48.183213929437066
train/distortion_loss: 0.00843699501281736
train/grad_norm: 0.026441302263375484
train/interlevel_loss: 0.0002614564094469045
train/iterations_per_sec: 48.183213929437066
train/l12_reg: 0.9388787445395884
train/loss: 0.0016386545912334414
train/mse: 0.001278774838687645
train/psnr: 28.944801446163293
train/tv_reg_l1: 0.06554064320193397
train/tv_reg_l2: 0.008998635676548336
