iterations_per_sec: 41.96918127072724
train/distortion_loss: 0.4942757183253163
train/grad_norm: 0.052163217480134486
train/interlevel_loss: 0.002191083851467931
train/iterations_per_sec: 41.96918127072724
train/l12_reg: 0.8529537609129241
train/loss: 0.021847737219297524
train/mse: 0.0189307134485606
train/psnr: 17.23000690190479
train/tv_reg_l1: 0.1199199254765655
train/tv_reg_l2: 0.02316640673035925
