lpips: 0.021600758656859398
mse: 0.0006215933826752007
psnr: 32.42328408114847
ssim: 0.9606629014015198
