lpips: 0.01704816333949566
mse: 0.00036271929275244474
psnr: 34.51282710064915
ssim: 0.9678791165351868
