iterations_per_sec: 39.91834095154622
train/distortion_loss: 0.0038155833884810256
train/grad_norm: 0.0007676259088894409
train/interlevel_loss: 0.0005273071556902406
train/iterations_per_sec: 39.91834095154622
train/l12_reg: 0.5863352755103448
train/loss: 0.0018056566965756844
train/mse: 0.00039216636614215495
train/psnr: 34.12411173425539
train/tv_reg_l1: 0.09715589640116451
train/tv_reg_l2: 0.02960322947815211
