iterations_per_sec: 12.800185823761112
train/distortion_loss: 0.2854654217007184
train/grad_norm: 0.22089202250495102
train/interlevel_loss: 0.003446084296688287
train/iterations_per_sec: 12.800185823761112
train/l12_reg: 2.383491463131375
train/loss: 0.008913344242657073
train/mse: 0.005181794506356571
train/psnr: 22.860545168019303
train/tv_reg_l1: 1.646267658532268
train/tv_reg_l2: 2.0228543377885915
