iterations_per_sec: 36.52556060259931
train/distortion_loss: 0.5642955507894959
train/grad_norm: 0.07906154445325485
train/interlevel_loss: 0.002206566324927891
train/iterations_per_sec: 36.52556060259931
train/l12_reg: 1.0869723666797986
train/loss: 0.016482008376506842
train/mse: 0.013436226757487865
train/psnr: 18.719989815143624
train/tv_reg_l1: 0.14278140694204003
train/tv_reg_l2: 0.027491967240818822
