lpips: 0.021601542830467224
mse: 0.0006364003638736904
psnr: 32.17966927629323
ssim: 0.9609947800636292
