lpips: 0.037219151854515076
mse: 0.002126752631738782
psnr: 27.29966345769914
ssim: 0.9291872978210449
