iterations_per_sec: 16.491449612616062
train/distortion_loss: 0.013718276557446731
train/grad_norm: 0.02989034072467775
train/interlevel_loss: 0.00041099632543398803
train/iterations_per_sec: 16.491449612616062
train/l12_reg: 2.480071089484475
train/loss: 0.00108294804213625
train/mse: 0.0006582334442440458
train/psnr: 31.848564090150774
train/tv_reg_l1: 1.9142780400285817
train/tv_reg_l2: 2.659799161583486
