iterations_per_sec: 17.494228690162963
train/distortion_loss: 0.2277411168271845
train/grad_norm: 0.3476874990896745
train/interlevel_loss: 0.004121340566662827
train/iterations_per_sec: 17.494228690162963
train/l12_reg: 2.302473713653256
train/loss: 0.013226308370705205
train/mse: 0.008877226678334703
train/psnr: 20.521121998025915
train/tv_reg_l1: 1.6941738224992848
train/tv_reg_l2: 2.232359517704357
