lpips: 0.01059715636074543
mse: 0.0003274668415542692
psnr: 35.17519968099287
ssim: 0.9819148182868958
