lpips: 0.013555189594626427
mse: 0.00040449065272696316
psnr: 34.13582783409583
ssim: 0.9782804250717163
