iterations_per_sec: 51.04170214342038
train/distortion_loss: 0.0010127579667511388
train/grad_norm: 0.017572380037921848
train/interlevel_loss: 0.00013665316510014236
train/iterations_per_sec: 51.04170214342038
train/l12_reg: 0.4024510762908242
train/loss: 0.0010244049110703847
train/mse: 0.0003436852282976186
train/psnr: 34.67333495014846
train/tv_reg_l1: 0.04657683348414874
train/tv_reg_l2: 0.01406026625949325
