lpips: 0.02219373732805252
mse: 0.0007659532711841166
psnr: 31.3964887455816
ssim: 0.9579456448554993
