lpips: 0.028560614213347435
mse: 0.0014181899605318904
psnr: 28.71752723891802
ssim: 0.9382034540176392
