iterations_per_sec: 48.049666628763674
train/distortion_loss: 0.006698059200337439
train/grad_norm: 0.0301442090798207
train/interlevel_loss: 0.0001629509078515129
train/iterations_per_sec: 48.049666628763674
train/l12_reg: 0.41585206383406514
train/loss: 0.0015726729503108396
train/mse: 0.000799546562102294
train/psnr: 31.001278694229896
train/tv_reg_l1: 0.05615081623046085
train/tv_reg_l2: 0.018762534183233676
