lpips: 0.01406311895698309
mse: 0.0002370251895627007
psnr: 36.840803020094484
ssim: 0.9787300229072571
