lpips: 0.01245378889143467
mse: 0.00015553744742646813
psnr: 38.148088519678765
ssim: 0.9806984663009644
