iterations_per_sec: 22.693609374654226
train/distortion_loss: 0.002223608167512775
train/grad_norm: 0.0005467824271593168
train/interlevel_loss: 8.103439941263824e-05
train/iterations_per_sec: 22.693609374654226
train/l12_reg: 1.9744613447574655
train/loss: 0.0002407792238624428
train/mse: 0.00015752121639753117
train/psnr: 38.05948669741852
train/tv_reg_l1: 1.1237008884699657
train/tv_reg_l2: 1.2768032875928013
