lpips: 0.006205602083355188
mse: 0.00018723028188105673
psnr: 37.353415923685084
ssim: 0.9824185371398926
