lpips: 0.008845575153827667
mse: 0.00032900500809773803
psnr: 35.272007269452295
ssim: 0.978272557258606
