iterations_per_sec: 49.33396157997238
train/distortion_loss: 0.0029775618547291465
train/grad_norm: 0.00057842109100705
train/interlevel_loss: 0.0005336751046618729
train/iterations_per_sec: 49.33396157997238
train/l12_reg: 0.4484716412997005
train/loss: 0.0013969727354406407
train/mse: 0.00020331390230855293
train/psnr: 36.99147499932183
train/tv_reg_l1: 0.0616008946389863
train/tv_reg_l2: 0.020853450051461806
