iterations_per_sec: 41.67733831011851
train/distortion_loss: 0.35387294310511963
train/grad_norm: 0.0617874450981617
train/interlevel_loss: 0.0017461129099676253
train/iterations_per_sec: 41.67733831011851
train/l12_reg: 0.8475461078412605
train/loss: 0.041353947812258596
train/mse: 0.03896380261038289
train/psnr: 14.094445787294946
train/tv_reg_l1: 0.12473623635190906
train/tv_reg_l2: 0.02901593896776739
