lpips: 0.24901217222213745
mse: 0.005445369053632021
psnr: 22.747713808341828
ssim: 0.7511366009712219
