iterations_per_sec: 47.17795959139526
train/distortion_loss: 0.020008891783278398
train/grad_norm: 0.08195126350178863
train/interlevel_loss: 0.0010777789972383869
train/iterations_per_sec: 47.17795959139526
train/l12_reg: 1.2013692735421537
train/loss: 0.005977611005720165
train/mse: 0.004670152127874469
train/psnr: 23.321375606035947
train/tv_reg_l1: 0.09731395489940739
train/tv_reg_l2: 0.02096709482973874
