lpips: 0.0743703544139862
mse: 0.0009221910149790347
psnr: 30.48240496465309
ssim: 0.8908263444900513
