lpips: 0.08171310275793076
mse: 0.000718881725333631
psnr: 31.480868221790068
ssim: 0.8875636458396912
