iterations_per_sec: 51.118955162220246
train/distortion_loss: 0.00939924560129793
train/grad_norm: 0.0007821667299728201
train/interlevel_loss: 0.00034662434770114193
train/iterations_per_sec: 51.118955162220246
train/l12_reg: 0.5134396233943977
train/loss: 0.0018250087447784313
train/mse: 0.0007422833645838604
train/psnr: 31.32243300929214
train/tv_reg_l1: 0.07175258306240795
train/tv_reg_l2: 0.021326211516303244
