lpips: 0.023340892046689987
mse: 0.0006804740987718105
psnr: 31.87809778676233
ssim: 0.9586358666419983
