lpips: 0.040334053337574005
mse: 0.0022752895019948483
psnr: 26.857250048919514
ssim: 0.9252954125404358
