iterations_per_sec: 16.631096133526615
train/distortion_loss: 0.01513500034696225
train/grad_norm: 0.030366358290793316
train/interlevel_loss: 0.00044760172639860576
train/iterations_per_sec: 16.631096133526615
train/l12_reg: 2.5468597412109375
train/loss: 0.0011716646711445516
train/mse: 0.0007089279354502908
train/psnr: 31.52546027212432
train/tv_reg_l1: 1.9510720342096657
train/tv_reg_l2: 3.0629595217078625
