lpips: 0.012646620161831379
mse: 0.0003899936855304986
psnr: 34.29185087974408
ssim: 0.9790592789649963
