lpips: 0.009514598175883293
mse: 0.0003066535573452711
psnr: 35.451261066462045
ssim: 0.9826972484588623
