iterations_per_sec: 17.798801504835872
train/distortion_loss: 0.001006280132592891
train/grad_norm: 0.013628474817695942
train/interlevel_loss: 0.00020010839730872764
train/iterations_per_sec: 17.798801504835872
train/l12_reg: 2.1846296835427332
train/loss: 0.0005186368697181796
train/mse: 0.0003175221904206814
train/psnr: 35.01979130446309
train/tv_reg_l1: 1.327758500070283
train/tv_reg_l2: 1.5728236665629378
