lpips: 0.18953152000904083
mse: 0.005600776057690382
psnr: 22.605029263741645
ssim: 0.7977520823478699
