iterations_per_sec: 48.41828565945634
train/distortion_loss: 0.016077289903404738
train/grad_norm: 0.05746158377991782
train/interlevel_loss: 0.0012970631248364695
train/iterations_per_sec: 48.41828565945634
train/l12_reg: 0.8907195130983988
train/loss: 0.006499104286459359
train/mse: 0.00504599820182781
train/psnr: 22.978205478552617
train/tv_reg_l1: 0.08500891035855418
train/tv_reg_l2: 0.013996569166957127
