lpips: 0.1351340264081955
mse: 0.005311514250934124
psnr: 22.799372757910813
ssim: 0.8730272054672241
