iterations_per_sec: 48.79811434241235
train/distortion_loss: 0.010427252652894969
train/grad_norm: 0.03483636763812316
train/interlevel_loss: 0.0004671266413590109
train/iterations_per_sec: 48.79811434241235
train/l12_reg: 0.7380543465566154
train/loss: 0.005258544522215321
train/mse: 0.004630035777209383
train/psnr: 23.35430301319469
train/tv_reg_l1: 0.08664707470722872
train/tv_reg_l2: 0.015095483379984143
