iterations_per_sec: 39.1173701116946
train/distortion_loss: 0.19966233694794203
train/grad_norm: 0.055885414715216616
train/interlevel_loss: 0.0012644314421152677
train/iterations_per_sec: 39.1173701116946
train/l12_reg: 0.8954065556478019
train/loss: 0.007997920374489494
train/mse: 0.00630506162409379
train/psnr: 22.005829994124596
train/tv_reg_l1: 0.11679325388236479
train/tv_reg_l2: 0.022876496586685228
