lpips: 0.022762542590498924
mse: 0.0008089582552202046
psnr: 31.154824137807772
ssim: 0.9567247629165649
