lpips: 0.029290346428751945
mse: 0.0014547850005328655
psnr: 28.575721802510817
ssim: 0.9369059801101685
