iterations_per_sec: 56.36149637258483
train/distortion_loss: 0.006562073404590289
train/grad_norm: 0.034891344305842814
train/interlevel_loss: 0.00018147238976477334
train/iterations_per_sec: 56.36149637258483
train/l12_reg: 0.40777097266129775
train/loss: 0.0016276433692323138
train/mse: 0.0008479669581948206
train/psnr: 30.745652343287613
train/tv_reg_l1: 0.051177834395808405
train/tv_reg_l2: 0.018387096868169427
