iterations_per_sec: 40.40414156652646
train/distortion_loss: 0.130950278555504
train/grad_norm: 0.30259134703212315
train/interlevel_loss: 0.0013223307882200437
train/iterations_per_sec: 40.40414156652646
train/l12_reg: 0.6340925109506858
train/loss: 0.008915007029744711
train/mse: 0.006174301484016457
train/psnr: 22.09638626406891
train/tv_reg_l1: 0.1389857360509911
train/tv_reg_l2: 0.06533320601841416
