iterations_per_sec: 45.14204338550748
train/distortion_loss: 0.2918411237422866
train/grad_norm: 0.47937762556654034
train/interlevel_loss: 0.004793015722599294
train/iterations_per_sec: 45.14204338550748
train/l12_reg: 0.7910152631576615
train/loss: 0.03090191295727937
train/mse: 0.023964666639163038
train/psnr: 16.205853587449198
train/tv_reg_l1: 0.2380069036676426
train/tv_reg_l2: 0.10613744367252696
