iterations_per_sec: 36.674621347646
train/distortion_loss: 0.4823061576997391
train/grad_norm: 0.07627430027633002
train/interlevel_loss: 0.0030759619337252593
train/iterations_per_sec: 36.674621347646
train/l12_reg: 1.1791226610992893
train/loss: 0.017622210217094182
train/mse: 0.013724478168620003
train/psnr: 18.628016423697424
train/tv_reg_l1: 0.14847828658542248
train/tv_reg_l2: 0.033946403462176374
