lpips: 0.01159681286662817
mse: 0.00015297357458621264
psnr: 38.23283060653149
ssim: 0.9813257455825806
