lpips: 0.013784192502498627
mse: 0.00025230145547538996
psnr: 36.70968788804969
ssim: 0.9789066314697266
