iterations_per_sec: 16.6642002423167
train/distortion_loss: 0.0027253695015767307
train/grad_norm: 0.009460516203420631
train/interlevel_loss: 0.00010972177639787057
train/iterations_per_sec: 16.6642002423167
train/l12_reg: 1.9727849960327148
train/loss: 0.0002689331564452556
train/mse: 0.00015648600865552918
train/psnr: 38.09197331438161
train/tv_reg_l1: 1.121214696855256
train/tv_reg_l2: 1.1109167650492504
