lpips: 0.26518183946609497
mse: 0.005443447735160589
psnr: 22.786981113812026
ssim: 0.7476444840431213
