iterations_per_sec: 47.23380485974274
train/distortion_loss: 0.03098759504806514
train/grad_norm: 0.08507334328058994
train/interlevel_loss: 0.0009615157255808813
train/iterations_per_sec: 47.23380485974274
train/l12_reg: 1.1035099679773503
train/loss: 0.005829719182179131
train/mse: 0.004614137261259285
train/psnr: 23.375043233235676
train/tv_reg_l1: 0.12565887764547812
train/tv_reg_l2: 0.02230786050509925
