iterations_per_sec: 41.48293502092724
train/distortion_loss: 0.3559865484936069
train/grad_norm: 0.08696377077939535
train/interlevel_loss: 0.0027484298834219724
train/iterations_per_sec: 41.48293502092724
train/l12_reg: 0.9880841482769359
train/loss: 0.02623909203843637
train/mse: 0.022832012368422566
train/psnr: 16.416638133501767
train/tv_reg_l1: 0.14198377592997116
train/tv_reg_l2: 0.030266335666781725
