lpips: 0.008897380903363228
mse: 0.0002868378651328385
psnr: 35.7511034147266
ssim: 0.9841046929359436
