lpips: 0.01148132048547268
mse: 0.00036084558814764023
psnr: 34.6288599078583
ssim: 0.9806476831436157
