iterations_per_sec: 41.35608062017777
train/distortion_loss: 0.0009825734558016664
train/grad_norm: 0.015746935976274086
train/interlevel_loss: 0.00014962800196371973
train/iterations_per_sec: 41.35608062017777
train/l12_reg: 0.37790662140557263
train/loss: 0.0009604776019437446
train/mse: 0.0003020595287318539
train/psnr: 35.23901082048513
train/tv_reg_l1: 0.04018295496100127
train/tv_reg_l2: 0.012990088371390646
