lpips: 0.08751426637172699
mse: 0.0011285411892458797
psnr: 29.62650637937419
ssim: 0.8789495825767517
