lpips: 0.09463520348072052
mse: 0.0008726101368665695
psnr: 30.62479141679647
ssim: 0.8742436766624451
