iterations_per_sec: 34.182554551580694
train/distortion_loss: 0.011079129029178259
train/grad_norm: 0.02334167801709187
train/interlevel_loss: 0.0003643666615714366
train/iterations_per_sec: 34.182554551580694
train/l12_reg: 0.6437079406747914
train/loss: 0.0021733753100940676
train/mse: 0.0008915344451911597
train/psnr: 30.52332562147969
train/tv_reg_l1: 0.1033927464876512
train/tv_reg_l2: 0.026268706967433293
