lpips: 0.23160119354724884
mse: 0.009895428083837032
psnr: 20.1056264493771
ssim: 0.8007410168647766
