iterations_per_sec: 50.688834645643446
train/distortion_loss: 0.015842604968282912
train/grad_norm: 0.0786793798659787
train/interlevel_loss: 0.0011853879150661706
train/iterations_per_sec: 50.688834645643446
train/l12_reg: 0.8721491525871585
train/loss: 0.009988065987750136
train/mse: 0.008583226857349427
train/psnr: 20.674898340244486
train/tv_reg_l1: 0.10541398326555888
train/tv_reg_l2: 0.020360864567184687
