lpips: 0.013502649962902069
mse: 0.0001686090836301446
psnr: 37.801053276187844
ssim: 0.9794657826423645
