lpips: 0.01709749735891819
mse: 0.00029344463837333024
psnr: 36.14180041744196
ssim: 0.9766804575920105
