iterations_per_sec: 20.82160060049812
train/distortion_loss: 0.0027063973012822445
train/grad_norm: 0.0005318800788819602
train/interlevel_loss: 0.00011717286689978356
train/iterations_per_sec: 20.82160060049812
train/l12_reg: 2.1759556110459144
train/loss: 0.00029266367721103245
train/mse: 0.00017278441072164123
train/psnr: 37.65659008604108
train/tv_reg_l1: 1.3998116001938328
train/tv_reg_l2: 1.7423961848923655
