iterations_per_sec: 43.815487029625295
train/distortion_loss: 0.15585657291942173
train/grad_norm: 0.12905173447698054
train/interlevel_loss: 0.001348808076176228
train/iterations_per_sec: 43.815487029625295
train/l12_reg: 0.8268295219450286
train/loss: 0.023937195031480354
train/mse: 0.02195753307655604
train/psnr: 16.585819880167644
train/tv_reg_l1: 0.15021180113156637
train/tv_reg_l2: 0.04749970657355858
