lpips: 0.01202685758471489
mse: 0.0005208557704463601
psnr: 32.93899762673343
ssim: 0.9813351631164551
