lpips: 0.01082319300621748
mse: 0.00045508690527640283
psnr: 33.61971772583057
ssim: 0.9831880927085876
