iterations_per_sec: 56.14040708125517
train/distortion_loss: 0.0011905870115798381
train/grad_norm: 0.039620454526609845
train/interlevel_loss: 0.0021606330616362017
train/iterations_per_sec: 56.14040708125517
train/l12_reg: 0.19012510400227825
train/loss: 0.002914305251900746
train/mse: 0.0004895042467537816
train/psnr: 33.1592587172383
train/tv_reg_l1: 0.018046424488979158
train/tv_reg_l2: 0.00728522382695416
