iterations_per_sec: 40.56188715304512
train/distortion_loss: 0.1350858560716263
train/grad_norm: 0.014886829070746899
train/interlevel_loss: 0.0011289832452688405
train/iterations_per_sec: 40.56188715304512
train/l12_reg: 0.605085577025558
train/loss: 0.00781750717115673
train/mse: 0.006445908124060041
train/psnr: 21.909364411325164
train/tv_reg_l1: 0.055911051843202476
train/tv_reg_l2: 0.010752995338554333
