iterations_per_sec: 39.0588417582023
train/distortion_loss: 0.5498219981338038
train/grad_norm: 0.04873198519150416
train/interlevel_loss: 0.0017345324817179429
train/iterations_per_sec: 39.0588417582023
train/l12_reg: 1.0535519965971358
train/loss: 0.007006705094204106
train/mse: 0.004531110618075337
train/psnr: 23.443875303172103
train/tv_reg_l1: 0.11878486173321502
train/tv_reg_l2: 0.019123994416058665
