lpips: 0.018762603402137756
mse: 0.0006561705376952887
psnr: 31.886823387546674
ssim: 0.9734678864479065
