lpips: 0.021074961870908737
mse: 0.0009539838647469878
psnr: 30.27057133641887
ssim: 0.9645591974258423
