iterations_per_sec: 59.69768903783583
train/distortion_loss: 0.0072592428386813465
train/grad_norm: 0.000852815933864225
train/interlevel_loss: 0.0007466175899172973
train/iterations_per_sec: 59.69768903783583
train/l12_reg: 0.39318565226564506
train/loss: 0.0020208258635712544
train/mse: 0.0006831038973736342
train/psnr: 31.68445685415557
train/tv_reg_l1: 0.06315759140433687
train/tv_reg_l2: 0.019065945644420806
