iterations_per_sec: 53.29285011496311
train/distortion_loss: 0.09885036395956771
train/grad_norm: 0.2599811459129507
train/interlevel_loss: 0.0015851946411221617
train/iterations_per_sec: 53.29285011496311
train/l12_reg: 0.5339293082555135
train/loss: 0.006338886733195095
train/mse: 0.003744444983889057
train/psnr: 24.27295677107994
train/tv_reg_l1: 0.10359308921327495
train/tv_reg_l2: 0.03764674138992724
