lpips: 0.28740090131759644
mse: 0.006953323259949684
psnr: 22.096755930475243
ssim: 0.7376946210861206
