iterations_per_sec: 49.12118418545231
train/distortion_loss: 0.0391376322944357
train/grad_norm: 0.09730051220817999
train/interlevel_loss: 0.0014893592810352341
train/iterations_per_sec: 49.12118418545231
train/l12_reg: 1.111664968307572
train/loss: 0.0067171734626019245
train/mse: 0.00498142759456779
train/psnr: 23.040828916761612
train/tv_reg_l1: 0.11182097977761066
train/tv_reg_l2: 0.020724897282292144
