lpips: 0.040192149579524994
mse: 0.0014275904977694154
psnr: 28.524467647360066
ssim: 0.9503356218338013
