lpips: 0.05177123099565506
mse: 0.003478933358564973
psnr: 24.896989186401157
ssim: 0.9297074675559998
