iterations_per_sec: 41.24968855338274
train/distortion_loss: 0.01246598768377244
train/grad_norm: 0.03845589476251843
train/interlevel_loss: 0.0005614490746849715
train/iterations_per_sec: 41.24968855338274
train/l12_reg: 0.5556721849875017
train/loss: 0.002948639164161351
train/mse: 0.0014998228383259942
train/psnr: 28.265481775457207
train/tv_reg_l1: 0.11078899060234879
train/tv_reg_l2: 0.03192290479336122
