lpips: 0.18016140162944794
mse: 0.0055488646030426025
psnr: 22.672780805363537
ssim: 0.802764892578125
