iterations_per_sec: 47.66619290501305
train/distortion_loss: 0.013431883736918069
train/grad_norm: 0.061190564034864156
train/interlevel_loss: 0.0011196038638702547
train/iterations_per_sec: 47.66619290501305
train/l12_reg: 1.118095201675338
train/loss: 0.006276428675975161
train/mse: 0.004980624921507005
train/psnr: 23.038025287666706
train/tv_reg_l1: 0.09390556398365232
train/tv_reg_l2: 0.016276797806524267
