lpips: 0.04044003784656525
mse: 0.002463567303493619
psnr: 26.598533421917292
ssim: 0.924959123134613
