lpips: 0.022786356508731842
mse: 0.0006708922446705401
psnr: 31.940909115582652
ssim: 0.9594435691833496
