iterations_per_sec: 16.340461541899703
train/distortion_loss: 0.015516920871280059
train/grad_norm: 0.02767896843189844
train/interlevel_loss: 0.0004554042410966235
train/iterations_per_sec: 16.340461541899703
train/l12_reg: 2.6057571690491956
train/loss: 0.0011732598356291124
train/mse: 0.0007023386765421942
train/psnr: 31.56657469393027
train/tv_reg_l1: 1.99950801362895
train/tv_reg_l2: 3.201802109227036
