lpips: 0.16271425783634186
mse: 0.005672777071595192
psnr: 22.601310092065823
ssim: 0.8406260013580322
