iterations_per_sec: 52.0946741030832
train/distortion_loss: 0.007541943619008919
train/grad_norm: 0.07932287734942604
train/interlevel_loss: 0.0002785578788719093
train/iterations_per_sec: 52.0946741030832
train/l12_reg: 0.7706204917695787
train/loss: 0.005092191133610528
train/mse: 0.004636177659091173
train/psnr: 23.352335862439087
train/tv_reg_l1: 0.08942582578671099
train/tv_reg_l2: 0.016991362239074225
