iterations_per_sec: 45.11629091509923
train/distortion_loss: 0.2202997525232007
train/grad_norm: 0.16503654420375824
train/interlevel_loss: 0.0017950402565695572
train/iterations_per_sec: 45.11629091509923
train/l12_reg: 0.7485016247238776
train/loss: 0.005213652078927767
train/mse: 0.0019467951861595867
train/psnr: 27.11511361478555
train/tv_reg_l1: 0.15772868406893026
train/tv_reg_l2: 0.050301522580963196
