lpips: 0.02681545726954937
mse: 0.0013657048111781478
psnr: 28.863924286968587
ssim: 0.9402633905410767
