lpips: 0.02104293368756771
mse: 0.0007414288120344281
psnr: 31.526766487259952
ssim: 0.9594683051109314
