iterations_per_sec: 29.806839835661233
train/distortion_loss: 0.006362134553115777
train/grad_norm: 0.03562632592564279
train/interlevel_loss: 0.00021355477017068276
train/iterations_per_sec: 29.806839835661233
train/l12_reg: 0.4663566742280517
train/loss: 0.001646527119752283
train/mse: 0.0007701371896381707
train/psnr: 31.16764153374566
train/tv_reg_l1: 0.06461894271349666
train/tv_reg_l2: 0.01901163292503116
