iterations_per_sec: 11.618518014856356
train/distortion_loss: 0.19751958127575692
train/grad_norm: 0.3667760244523636
train/interlevel_loss: 0.003793945921716666
train/iterations_per_sec: 11.618518014856356
train/l12_reg: 2.1663430411406237
train/loss: 0.008890313848928369
train/mse: 0.004898848317826938
train/psnr: 23.102577382867988
train/tv_reg_l1: 1.579441498024295
train/tv_reg_l2: 2.0279679635558465
