lpips: 0.2945939004421234
mse: 0.006589656695723534
psnr: 21.948386998078988
ssim: 0.7361127734184265
