iterations_per_sec: 51.46623579461165
train/distortion_loss: 0.030466565598893647
train/grad_norm: 0.10252537209578234
train/interlevel_loss: 0.001309478581375019
train/iterations_per_sec: 51.46623579461165
train/l12_reg: 1.0607668534673826
train/loss: 0.007105121718286866
train/mse: 0.0055718886891775055
train/psnr: 22.552417639530066
train/tv_reg_l1: 0.10209918744636304
train/tv_reg_l2: 0.01932879001127951
