lpips: 0.05200430005788803
mse: 0.0032449569553136826
psnr: 25.17475304023492
ssim: 0.9290158152580261
