lpips: 0.04173804819583893
mse: 0.001501330640166998
psnr: 28.309674621329037
ssim: 0.9479009509086609
