iterations_per_sec: 51.799681560175934
train/distortion_loss: 0.010639101906557275
train/grad_norm: 0.0014130257745038229
train/interlevel_loss: 0.00035580582364057805
train/iterations_per_sec: 51.799681560175934
train/l12_reg: 0.5434303753303759
train/loss: 0.002856480966632565
train/mse: 0.0015930081835261198
train/psnr: 27.998865821144797
train/tv_reg_l1: 0.11494916669949136
train/tv_reg_l2: 0.035359746240305176
