lpips: 0.012175960466265678
mse: 0.00026415113825351
psnr: 35.90198752617167
ssim: 0.9752838611602783
