lpips: 0.01605505309998989
mse: 0.0004602797271218151
psnr: 33.70910238862108
ssim: 0.9687241315841675
