iterations_per_sec: 41.700785086143945
train/distortion_loss: 0.003413096613561114
train/grad_norm: 0.019085767330846402
train/interlevel_loss: 0.00047902832709657345
train/iterations_per_sec: 41.700785086143945
train/l12_reg: 0.474837054507901
train/loss: 0.001474457226148007
train/mse: 0.0002896888022819026
train/psnr: 35.45192641441268
train/tv_reg_l1: 0.06835640748642911
train/tv_reg_l2: 0.022748992919470325
