lpips: 0.02681509032845497
mse: 0.001313658314757049
psnr: 29.017340895175288
ssim: 0.9411441087722778
