lpips: 0.021332750096917152
mse: 0.0007482575601898134
psnr: 31.48564610886147
ssim: 0.9588519334793091
