iterations_per_sec: 64.66135225450914
train/distortion_loss: 0.006457566721082637
train/grad_norm: 0.0011863241317879522
train/interlevel_loss: 0.0001587423036166589
train/iterations_per_sec: 64.66135225450914
train/l12_reg: 0.3748437434133857
train/loss: 0.0014713995048136572
train/mse: 0.000779481659375244
train/psnr: 31.112030742144345
train/tv_reg_l1: 0.04337164198960921
train/tv_reg_l2: 0.01518742052480729
