iterations_per_sec: 20.940805918763783
train/distortion_loss: 0.26220737773962693
train/grad_norm: 0.15168995681134137
train/interlevel_loss: 0.0006571408117782663
train/iterations_per_sec: 20.940805918763783
train/l12_reg: 0.8311496027792343
train/loss: 0.00401333898936182
train/mse: 0.0017990198755411036
train/psnr: 27.460334854896622
train/tv_reg_l1: 0.17695734281130512
train/tv_reg_l2: 0.04638212945575666
