lpips: 0.013356226496398449
mse: 0.0003014568646904081
psnr: 35.30467067093689
ssim: 0.9721456170082092
