lpips: 0.017463352531194687
mse: 0.0004973636823706329
psnr: 33.330817894094984
ssim: 0.9659282565116882
