iterations_per_sec: 50.90502595192539
train/distortion_loss: 0.0033299298086815108
train/grad_norm: 0.020012130151794413
train/interlevel_loss: 0.00046889302544201716
train/iterations_per_sec: 50.90502595192539
train/l12_reg: 0.4952741027480424
train/loss: 0.0015406272247095
train/mse: 0.00032541470489267147
train/psnr: 34.93170281612512
train/tv_reg_l1: 0.074336512145972
train/tv_reg_l2: 0.024771544536707376
