lpips: 0.13835203647613525
mse: 0.0029448908753693104
psnr: 25.32620666369185
ssim: 0.9164823889732361
