iterations_per_sec: 51.850823981612635
train/distortion_loss: 0.004720218159785175
train/grad_norm: 0.070968242343327
train/interlevel_loss: 0.0005314615034766382
train/iterations_per_sec: 51.850823981612635
train/l12_reg: 0.8365367169332023
train/loss: 0.0035105749113353516
train/mse: 0.0028004375441620746
train/psnr: 25.55449410640832
train/tv_reg_l1: 0.09503033486279575
train/tv_reg_l2: 0.01739556316022921
