lpips: 0.013944818638265133
mse: 0.00044370078830979764
psnr: 33.95314660027324
ssim: 0.9713841080665588
