lpips: 0.009381127543747425
mse: 0.0002415968629065901
psnr: 36.263310250309345
ssim: 0.9776403903961182
