iterations_per_sec: 16.476782834593674
train/distortion_loss: 0.003426467308379484
train/grad_norm: 0.016370308279727745
train/interlevel_loss: 0.0008024189725866297
train/iterations_per_sec: 16.476782834593674
train/l12_reg: 2.3894182551990855
train/loss: 0.0010593122158274806
train/mse: 0.00025346677005408575
train/psnr: 36.01224355986624
train/tv_reg_l1: 1.537759082485931
train/tv_reg_l2: 2.0756530544974585
