lpips: 0.014102499932050705
mse: 0.000169679697137326
psnr: 37.77064057681373
ssim: 0.9799783229827881
