lpips: 0.016388319432735443
mse: 0.0002814923645928502
psnr: 36.26298880870911
ssim: 0.9775943160057068
