iterations_per_sec: 50.731312781741174
train/distortion_loss: 0.0028187985334432487
train/grad_norm: 0.009101728546536632
train/interlevel_loss: 0.00010263956335051023
train/iterations_per_sec: 50.731312781741174
train/l12_reg: 0.3486808445116486
train/loss: 0.000705672857219899
train/mse: 0.0001737272578251614
train/psnr: 37.63043417111792
train/tv_reg_l1: 0.03274342097868823
train/tv_reg_l2: 0.007780638330550206
