lpips: 0.007959762588143349
mse: 0.00033305835677310824
psnr: 35.00300054551229
ssim: 0.9866945147514343
