lpips: 0.009916426613926888
mse: 0.0004593025951180607
psnr: 33.55886605800168
ssim: 0.9839523434638977
