iterations_per_sec: 16.698004967198827
train/distortion_loss: 0.0030096989887004547
train/grad_norm: 0.029930382543666798
train/interlevel_loss: 0.00013381414391180367
train/iterations_per_sec: 16.698004967198827
train/l12_reg: 2.090909312469791
train/loss: 0.0004913124301108635
train/mse: 0.0003544885910356022
train/psnr: 34.548935514507875
train/tv_reg_l1: 1.377157819391501
train/tv_reg_l2: 1.5239835917347608
