lpips: 0.12214326858520508
mse: 0.0028342062141746283
psnr: 25.496387076755653
ssim: 0.9239125847816467
