iterations_per_sec: 47.70964165234665
train/distortion_loss: 0.002931064131171113
train/grad_norm: 0.06626632034477561
train/interlevel_loss: 0.0003505324829614373
train/iterations_per_sec: 47.70964165234665
train/l12_reg: 0.9484254049532341
train/loss: 0.003107767015921347
train/mse: 0.0025777298712519685
train/psnr: 25.91416963904795
train/tv_reg_l1: 0.09122409400614825
train/tv_reg_l2: 0.017657359591638198
