iterations_per_sec: 42.5836223629508
train/distortion_loss: 0.02713951139212257
train/grad_norm: 0.15155635074232565
train/interlevel_loss: 0.000725048063252347
train/iterations_per_sec: 42.5836223629508
train/l12_reg: 0.5466125384725705
train/loss: 0.01587180924987552
train/mse: 0.014463635641291286
train/psnr: 18.40054307802759
train/tv_reg_l1: 0.1395467089282142
train/tv_reg_l2: 0.06559861616955863
