lpips: 0.12290079146623611
mse: 0.0027111852541565895
psnr: 25.692351301755835
ssim: 0.9237095713615417
