iterations_per_sec: 50.48364177209419
train/distortion_loss: 0.00332348640641254
train/grad_norm: 0.07179939780722965
train/interlevel_loss: 0.00035274275719667924
train/iterations_per_sec: 50.48364177209419
train/l12_reg: 0.9509527689278728
train/loss: 0.0030597840821502183
train/mse: 0.002532486408723123
train/psnr: 25.98929611360184
train/tv_reg_l1: 0.090633268910225
train/tv_reg_l2: 0.017123143423837844
