lpips: 0.009306702762842178
mse: 0.0003020280273631215
psnr: 35.53039428524268
ssim: 0.9828853011131287
