lpips: 0.012239372357726097
mse: 0.00038407312240451574
psnr: 34.38349712710615
ssim: 0.9791924953460693
