iterations_per_sec: 13.448048814811035
train/distortion_loss: 0.0010368321855279683
train/grad_norm: 0.013285722814011152
train/interlevel_loss: 0.0001552102193906621
train/iterations_per_sec: 13.448048814811035
train/l12_reg: 2.220815323820018
train/loss: 0.0004708500593110467
train/mse: 0.00031460301052176895
train/psnr: 35.058427560209026
train/tv_reg_l1: 1.3558823773355195
train/tv_reg_l2: 1.6105528479874736
