lpips: 0.01593855209648609
mse: 0.0003436011029407382
psnr: 34.742078351173966
ssim: 0.9686192274093628
