lpips: 0.020610198378562927
mse: 0.0005807974375784397
psnr: 32.68870776254287
ssim: 0.9614023566246033
