iterations_per_sec: 31.60734379374476
train/distortion_loss: 0.003715099103635911
train/grad_norm: 0.0007189042511104483
train/interlevel_loss: 0.000515183434772277
train/iterations_per_sec: 31.60734379374476
train/l12_reg: 0.5689986890012567
train/loss: 0.0017468064101506964
train/mse: 0.00036419074684898887
train/psnr: 34.42738881737295
train/tv_reg_l1: 0.0965900510700062
train/tv_reg_l2: 0.029471838376437774
