lpips: 0.0761522501707077
mse: 0.0010246217716485262
psnr: 30.0685799468073
ssim: 0.8836829662322998
