lpips: 0.08323059231042862
mse: 0.0007791183306835592
psnr: 31.11754018416723
ssim: 0.8806487917900085
