iterations_per_sec: 17.09299854291078
train/distortion_loss: 0.011081519395564541
train/grad_norm: 0.018647672128722523
train/interlevel_loss: 0.000508132697297072
train/iterations_per_sec: 17.09299854291078
train/l12_reg: 2.1310506059665872
train/loss: 0.0013067195570623182
train/mse: 0.0007875053408423984
train/psnr: 31.06061351660526
train/tv_reg_l1: 1.3415591608394275
train/tv_reg_l2: 1.713402601203533
