lpips: 0.12798309326171875
mse: 0.0052986955270171165
psnr: 22.81604949272487
ssim: 0.8752624988555908
