iterations_per_sec: 48.74508426988719
train/distortion_loss: 0.009772354031376766
train/grad_norm: 0.03376533461715838
train/interlevel_loss: 0.00037369464295963295
train/iterations_per_sec: 48.74508426988719
train/l12_reg: 0.7117789453930325
train/loss: 0.005089628844136241
train/mse: 0.004558419070272434
train/psnr: 23.420230537954
train/tv_reg_l1: 0.08412168174982071
train/tv_reg_l2: 0.014774279678334492
