iterations_per_sec: 41.564929181215305
train/distortion_loss: 0.7802008179703144
train/grad_norm: 0.1094122708144814
train/interlevel_loss: 0.0024125358851795845
train/iterations_per_sec: 41.564929181215305
train/l12_reg: 1.1710471300163654
train/loss: 0.025794278773846047
train/mse: 0.022259222400007828
train/psnr: 16.52614350752397
train/tv_reg_l1: 0.157133900005408
train/tv_reg_l2: 0.03423196694465599
