lpips: 0.011463421396911144
mse: 0.0003581279597710818
psnr: 34.66925829553711
ssim: 0.9808344841003418
