lpips: 0.008891061879694462
mse: 0.00028584690880961716
psnr: 35.7802827201909
ssim: 0.9841700196266174
