iterations_per_sec: 41.004591852149154
train/distortion_loss: 0.001013674177676251
train/grad_norm: 0.015151960286076623
train/interlevel_loss: 0.00012660223706695956
train/iterations_per_sec: 41.004591852149154
train/l12_reg: 0.34911198116312125
train/loss: 0.0009006653857097556
train/mse: 0.000305561153447453
train/psnr: 35.18263379491941
train/tv_reg_l1: 0.03472068458042964
train/tv_reg_l2: 0.011837631605113998
