iterations_per_sec: 39.76289420483473
train/distortion_loss: 0.5921901627020403
train/grad_norm: 0.06225603754923801
train/interlevel_loss: 0.0015576331290613973
train/iterations_per_sec: 39.76289420483473
train/l12_reg: 0.9872885587239506
train/loss: 0.020585784726221152
train/mse: 0.01813992786437574
train/psnr: 17.415521929962466
train/tv_reg_l1: 0.1486723433540325
train/tv_reg_l2: 0.029603348292335116
