lpips: 0.022216249257326126
mse: 0.0006438411655835807
psnr: 32.14112043069661
ssim: 0.9605175852775574
