lpips: 0.03952467814087868
mse: 0.0022619636729359627
psnr: 26.915797202886978
ssim: 0.925879955291748
