iterations_per_sec: 15.510625221237747
train/distortion_loss: 0.016333835538138042
train/grad_norm: 0.03279250706875264
train/interlevel_loss: 0.0005284985156983814
train/iterations_per_sec: 15.510625221237747
train/l12_reg: 2.445824146270752
train/loss: 0.0012099537045948885
train/mse: 0.0006651213501975166
train/psnr: 31.8052302273837
train/tv_reg_l1: 1.8899104294150766
train/tv_reg_l2: 2.571556498305966
