iterations_per_sec: 37.41375616853641
train/distortion_loss: 0.1980121290743953
train/grad_norm: 0.05415720703324886
train/interlevel_loss: 0.0011907165606666094
train/iterations_per_sec: 37.41375616853641
train/l12_reg: 0.9865743222862783
train/loss: 0.007444852426873915
train/mse: 0.005815825142869444
train/psnr: 22.357229945635556
train/tv_reg_l1: 0.12129513415122273
train/tv_reg_l2: 0.024029862154463327
