iterations_per_sec: 40.374231452905384
train/distortion_loss: 0.032007678063830945
train/grad_norm: 0.13442827535398078
train/interlevel_loss: 0.0006289549061388831
train/iterations_per_sec: 40.374231452905384
train/l12_reg: 0.5544118321303165
train/loss: 0.015795212690577362
train/mse: 0.014513622197990466
train/psnr: 18.38574448017159
train/tv_reg_l1: 0.13580169897488872
train/tv_reg_l2: 0.06206278834078047
