iterations_per_sec: 41.40642984945853
train/distortion_loss: 0.23341678067891283
train/grad_norm: 0.3788762983649668
train/interlevel_loss: 0.002191946312615817
train/iterations_per_sec: 41.40642984945853
train/l12_reg: 0.7684174174010151
train/loss: 0.012227659273629237
train/mse: 0.008295635410556288
train/psnr: 20.81551646222972
train/tv_reg_l1: 0.20479642125693234
train/tv_reg_l2: 0.07382432168180292
