lpips: 0.014713111333549023
mse: 0.0002606502966955304
psnr: 36.70789024215678
ssim: 0.9795528650283813
