lpips: 0.012269857339560986
mse: 0.0001501315418863669
psnr: 38.31154751681519
ssim: 0.9820435047149658
