iterations_per_sec: 41.5021949506116
train/distortion_loss: 0.0025443233587224075
train/grad_norm: 0.008024859773653626
train/interlevel_loss: 8.178309523065415e-05
train/iterations_per_sec: 41.5021949506116
train/l12_reg: 0.33930608058216594
train/loss: 0.0006515220233305085
train/mse: 0.00015592284983016947
train/psnr: 38.1044201706395
train/tv_reg_l1: 0.030191023843457
train/tv_reg_l2: 0.007196565699584857
