lpips: 0.03861374780535698
mse: 0.0022090179845690727
psnr: 27.093900979513684
ssim: 0.9283130168914795
