lpips: 0.023706350475549698
mse: 0.0006893409299664199
psnr: 31.826668248999
ssim: 0.9587039947509766
