iterations_per_sec: 17.71033841379639
train/distortion_loss: 0.013937630295527704
train/grad_norm: 0.03009620751959808
train/interlevel_loss: 0.00038069533184170723
train/iterations_per_sec: 17.71033841379639
train/l12_reg: 2.4328654607137046
train/loss: 0.0011057063732578447
train/mse: 0.0007110734033925139
train/psnr: 31.510151737868185
train/tv_reg_l1: 1.8588096288719562
train/tv_reg_l2: 2.505383267547145
