lpips: 0.007908636704087257
mse: 0.0003412054502405226
psnr: 34.8879897059781
ssim: 0.9863544702529907
