lpips: 0.010209118947386742
mse: 0.00050240324344486
psnr: 33.180797939107585
ssim: 0.9831594824790955
