iterations_per_sec: 17.248464277591545
train/distortion_loss: 0.0037907568286314154
train/grad_norm: 0.02791173393941588
train/interlevel_loss: 9.330903802295169e-05
train/iterations_per_sec: 17.248464277591545
train/l12_reg: 2.059090079683246
train/loss: 0.00046326248904200967
train/mse: 0.00036616269760703985
train/psnr: 34.42408001061642
train/tv_reg_l1: 1.4187235892421068
train/tv_reg_l2: 1.543311803027837
