lpips: 0.0224008709192276
mse: 0.0007845876971259713
psnr: 31.28326925647282
ssim: 0.9577370285987854
