lpips: 0.028094328939914703
mse: 0.0014351245481520891
psnr: 28.65060874917427
ssim: 0.9385940432548523
