iterations_per_sec: 48.38512121463811
train/distortion_loss: 0.006529143757440827
train/grad_norm: 0.031085843540201285
train/interlevel_loss: 0.00025311107920703826
train/iterations_per_sec: 48.38512121463811
train/l12_reg: 0.478240625123785
train/loss: 0.0017795961731198158
train/mse: 0.0008278209663165563
train/psnr: 30.847271697689788
train/tv_reg_l1: 0.06828487054868178
train/tv_reg_l2: 0.021389434433946707
