lpips: 0.04591940715909004
mse: 0.0015637975884601474
psnr: 28.122846020497036
ssim: 0.9433990716934204
