lpips: 0.06376960873603821
mse: 0.004357960075139999
psnr: 23.963789270193434
ssim: 0.917539656162262
