iterations_per_sec: 17.69932875126808
train/distortion_loss: 0.023376394194936513
train/grad_norm: 0.042005210813849864
train/interlevel_loss: 0.0008450978943570094
train/iterations_per_sec: 17.69932875126808
train/l12_reg: 2.3864592783378833
train/loss: 0.0024950284148669904
train/mse: 0.00162655412163021
train/psnr: 27.912142821032592
train/tv_reg_l1: 1.8915436617051713
train/tv_reg_l2: 2.594539584535541
