lpips: 0.007337139919400215
mse: 0.0003213599557057023
psnr: 35.15253291240038
ssim: 0.9869071841239929
