lpips: 0.00945244263857603
mse: 0.0004637023666873574
psnr: 33.506495233949465
ssim: 0.9839136004447937
