iterations_per_sec: 15.511859742570337
train/distortion_loss: 0.0036714988939388835
train/grad_norm: 0.02927361868999221
train/interlevel_loss: 9.17329074435096e-05
train/iterations_per_sec: 15.511859742570337
train/l12_reg: 2.0209861235185103
train/loss: 0.0004377184359878866
train/mse: 0.00034231402984152387
train/psnr: 34.708913475576075
train/tv_reg_l1: 1.398858231727523
train/tv_reg_l2: 1.5303877447590684
