iterations_per_sec: 42.08362609112876
train/distortion_loss: 0.45304454185745935
train/grad_norm: 0.06463037615623136
train/interlevel_loss: 0.0021922073933775678
train/iterations_per_sec: 42.08362609112876
train/l12_reg: 0.8326999599283392
train/loss: 0.02287754023240672
train/mse: 0.01994261314923113
train/psnr: 17.003573080505987
train/tv_reg_l1: 0.1324224825760331
train/tv_reg_l2: 0.028967514032065267
