lpips: 0.027560770511627197
mse: 0.0013880031183362007
psnr: 28.79506560248157
ssim: 0.939164400100708
