lpips: 0.021909575909376144
mse: 0.0007646603044122458
psnr: 31.39297030405853
ssim: 0.9583677053451538
