iterations_per_sec: 49.78146511548877
train/distortion_loss: 0.006634076793838029
train/grad_norm: 0.03628332750175638
train/interlevel_loss: 0.0002225569349118612
train/iterations_per_sec: 49.78146511548877
train/l12_reg: 0.4883466347901508
train/loss: 0.0017200260060942834
train/mse: 0.0007976576000348561
train/psnr: 31.010608287772747
train/tv_reg_l1: 0.06727120972642994
train/tv_reg_l2: 0.02048307474740226
