iterations_per_sec: 41.51803512239634
train/distortion_loss: 0.2480065908395883
train/grad_norm: 0.06625775161265123
train/interlevel_loss: 0.0021575124689725915
train/iterations_per_sec: 41.51803512239634
train/l12_reg: 0.9688830598436221
train/loss: 0.012551171629868373
train/mse: 0.009844939073905198
train/psnr: 20.071632751310716
train/tv_reg_l1: 0.14593987212036597
train/tv_reg_l2: 0.030071351075112218
