iterations_per_sec: 39.9360928164102
train/distortion_loss: 0.4520853480907402
train/grad_norm: 0.04682663455605507
train/interlevel_loss: 0.001617414790977056
train/iterations_per_sec: 39.9360928164102
train/l12_reg: 0.9228932225342953
train/loss: 0.009785910268699882
train/mse: 0.007516830562228205
train/psnr: 21.243336070667613
train/tv_reg_l1: 0.11399388004734058
train/tv_reg_l2: 0.019957960573862298
