lpips: 0.02614796906709671
mse: 0.0008275319705717266
psnr: 30.886730991816176
ssim: 0.9675390124320984
