lpips: 0.03045889362692833
mse: 0.0013119445648044348
psnr: 28.901572073071083
ssim: 0.955773115158081
