iterations_per_sec: 55.971782925401804
train/distortion_loss: 0.01317742769841594
train/grad_norm: 0.017530333133169797
train/interlevel_loss: 0.0028430052581384325
train/iterations_per_sec: 55.971782925401804
train/l12_reg: 0.3282440720182477
train/loss: 0.004202637628586304
train/mse: 0.0008497411665045703
train/psnr: 30.731775553539546
train/tv_reg_l1: 0.0645006371266914
train/tv_reg_l2: 0.016846971567532027
