lpips: 0.010424697771668434
mse: 0.00032120899413712323
psnr: 35.26752623231121
ssim: 0.9821299910545349
