lpips: 0.013291402719914913
mse: 0.0003960292087867856
psnr: 34.22847337302461
ssim: 0.9785163998603821
