iterations_per_sec: 56.480678162339785
train/distortion_loss: 0.001023122482236964
train/grad_norm: 0.017680922833581764
train/interlevel_loss: 0.00013178693644486068
train/iterations_per_sec: 56.480678162339785
train/l12_reg: 0.3646389125573515
train/loss: 0.0009579422884865316
train/mse: 0.0003343360769595349
train/psnr: 34.797222291580354
train/tv_reg_l1: 0.038498991027925956
train/tv_reg_l2: 0.012615721550478477
