lpips: 0.14060476422309875
mse: 0.0029171081259846687
psnr: 25.366173449443647
ssim: 0.9175311326980591
