iterations_per_sec: 51.23885098531954
train/distortion_loss: 0.007977500543788527
train/grad_norm: 0.0767377062954686
train/interlevel_loss: 0.000810951207331711
train/iterations_per_sec: 51.23885098531954
train/l12_reg: 0.5972117625101648
train/loss: 0.0038167170244222037
train/mse: 0.002825975956658673
train/psnr: 25.510267219158134
train/tv_reg_l1: 0.09068348875852546
train/tv_reg_l2: 0.017181237707986977
