lpips: 0.22430847585201263
mse: 0.009859196841716766
psnr: 20.11938178699585
ssim: 0.8063727021217346
