iterations_per_sec: 47.57198417339099
train/distortion_loss: 0.009361431971568652
train/grad_norm: 0.07030862193517011
train/interlevel_loss: 0.0008047381410083611
train/iterations_per_sec: 47.57198417339099
train/l12_reg: 1.0639058881335788
train/loss: 0.009550519344030005
train/mse: 0.008522506224725283
train/psnr: 20.707667976918845
train/tv_reg_l1: 0.10827620726342153
train/tv_reg_l2: 0.021391355272645903
