lpips: 0.10630413144826889
mse: 0.0013662459095939994
psnr: 28.725066237268884
ssim: 0.9132633805274963
