iterations_per_sec: 48.265758808898035
train/distortion_loss: 0.008802877720257249
train/grad_norm: 0.027107363585570848
train/interlevel_loss: 0.00027469549321621243
train/iterations_per_sec: 48.265758808898035
train/l12_reg: 0.9607810576756796
train/loss: 0.0016146161325388785
train/mse: 0.001233599631990673
train/psnr: 29.102327192672576
train/tv_reg_l1: 0.06931650330020923
train/tv_reg_l2: 0.00975181373080822
