lpips: 0.11007262021303177
mse: 0.0014599025016650558
psnr: 28.483494094173906
ssim: 0.9102683067321777
