iterations_per_sec: 47.806478125620075
train/distortion_loss: 0.009058543734929779
train/grad_norm: 0.026901687533039637
train/interlevel_loss: 0.00038553721411388854
train/iterations_per_sec: 47.806478125620075
train/l12_reg: 0.9870664344893562
train/loss: 0.0017809003504519962
train/mse: 0.0012885852895601832
train/psnr: 28.910709284772775
train/tv_reg_l1: 0.06570380692831193
train/tv_reg_l2: 0.009771930872265137
