lpips: 0.04011731222271919
mse: 0.0014096582308411598
psnr: 28.5815059496516
ssim: 0.9490278363227844
