lpips: 0.05314177647233009
mse: 0.003587699495255947
psnr: 24.769961573007024
ssim: 0.9270610213279724
