iterations_per_sec: 38.70499244922633
train/distortion_loss: 0.01673938191937979
train/grad_norm: 0.03833162278463744
train/interlevel_loss: 0.0006460264957782746
train/iterations_per_sec: 38.70499244922633
train/l12_reg: 0.5776220126585527
train/loss: 0.003073417598080605
train/mse: 0.0014921642435394755
train/psnr: 28.28383272344416
train/tv_reg_l1: 0.12174529364012708
train/tv_reg_l2: 0.03408653947590577
