lpips: 0.009489675052464008
mse: 0.00042152981040999293
psnr: 33.959451842310735
ssim: 0.9844254851341248
