lpips: 0.010461706668138504
mse: 0.0004754455294460058
psnr: 33.333128869094104
ssim: 0.9826979637145996
