iterations_per_sec: 50.74342054595074
train/distortion_loss: 0.0011231050152811363
train/grad_norm: 0.0006707371500640581
train/interlevel_loss: 7.738116020313229e-05
train/iterations_per_sec: 50.74342054595074
train/l12_reg: 0.2808840572834015
train/loss: 0.0009071041113753436
train/mse: 0.00045262609027570697
train/psnr: 33.4919687906901
train/tv_reg_l1: 0.026110342619093983
train/tv_reg_l2: 0.009508968744840886
