lpips: 0.2513856291770935
mse: 0.005379440262913704
psnr: 22.794898782461885
ssim: 0.7527231574058533
