iterations_per_sec: 47.93702593317557
train/distortion_loss: 0.01721625393162472
train/grad_norm: 0.09054933217438785
train/interlevel_loss: 0.0008641219124047443
train/iterations_per_sec: 47.93702593317557
train/l12_reg: 1.3437639222000584
train/loss: 0.005713607495029767
train/mse: 0.004641711363813492
train/psnr: 23.348956926904542
train/tv_reg_l1: 0.10939196993907292
train/tv_reg_l2: 0.01905580105805638
