lpips: 0.009147515520453453
mse: 0.0004063832457177341
psnr: 34.1411148463922
ssim: 0.9849229454994202
