lpips: 0.010205882601439953
mse: 0.00047105763223953545
psnr: 33.39043783507041
ssim: 0.9830828905105591
