iterations_per_sec: 50.11256691471796
train/distortion_loss: 0.0011590867834824204
train/grad_norm: 0.03674406439743259
train/interlevel_loss: 8.92539065542297e-05
train/iterations_per_sec: 50.11256691471796
train/l12_reg: 0.2658891262430133
train/loss: 0.0008840561912611428
train/mse: 0.00043788284411409287
train/psnr: 33.63932206895616
train/tv_reg_l1: 0.025393822352693537
train/tv_reg_l2: 0.008987121020603662
