lpips: 0.01952982135117054
mse: 0.0005913773202337325
psnr: 32.62177359625671
ssim: 0.9606886506080627
