lpips: 0.014745056629180908
mse: 0.00033722835360094905
psnr: 34.81564983505363
ssim: 0.968445897102356
