iterations_per_sec: 19.551819858054753
train/distortion_loss: 0.003612390265451989
train/grad_norm: 0.0009201898250136186
train/interlevel_loss: 0.0007439404285061314
train/iterations_per_sec: 19.551819858054753
train/l12_reg: 2.2855526991564816
train/loss: 0.001104611768199112
train/mse: 0.00035705893962512336
train/psnr: 34.52328048089538
train/tv_reg_l1: 1.4773942533165518
train/tv_reg_l2: 2.0187637878186777
