lpips: 0.007740328088402748
mse: 0.00022634404012933373
psnr: 36.54253017950681
ssim: 0.9791619777679443
