lpips: 0.010434415191411972
mse: 0.000367942382581532
psnr: 34.73974168693987
ssim: 0.9750158786773682
