iterations_per_sec: 66.72924671948134
train/distortion_loss: 0.0030446706240940275
train/grad_norm: 0.0006157752371045074
train/interlevel_loss: 0.0005413537981421358
train/iterations_per_sec: 66.72924671948134
train/l12_reg: 0.4652168696576899
train/loss: 0.0014673500578154368
train/mse: 0.00023787395721136808
train/psnr: 36.29527375192353
train/tv_reg_l1: 0.06527097703832568
train/tv_reg_l2: 0.021986075009059424
