lpips: 0.01540051307529211
mse: 0.0004977087955921888
psnr: 33.4781318334979
ssim: 0.9685041308403015
