lpips: 0.010739689692854881
mse: 0.0002654962008818984
psnr: 35.860215111294345
ssim: 0.9753139615058899
