iterations_per_sec: 17.757259138988978
train/distortion_loss: 0.0038323691867367185
train/grad_norm: 0.016126743150931416
train/interlevel_loss: 0.0007588791442244793
train/iterations_per_sec: 17.757259138988978
train/l12_reg: 2.369940755343196
train/loss: 0.0010466524452733045
train/mse: 0.00028394093158457315
train/psnr: 35.52306381379715
train/tv_reg_l1: 1.5778804511734934
train/tv_reg_l2: 2.0420712461375228
