lpips: 0.008803941309452057
mse: 0.00035761159961111844
psnr: 34.687219295365935
ssim: 0.985604465007782
