lpips: 0.011025499552488327
mse: 0.000528591510374099
psnr: 32.96500723679428
ssim: 0.9822036623954773
