iterations_per_sec: 14.595722508788946
train/distortion_loss: 0.004475365235291497
train/grad_norm: 0.029874904730329006
train/interlevel_loss: 0.00013001851457926077
train/iterations_per_sec: 14.595722508788946
train/l12_reg: 2.0315121881889575
train/loss: 0.0005202099496870292
train/mse: 0.00038571606979310286
train/psnr: 34.18561735056868
train/tv_reg_l1: 1.4418874184290569
train/tv_reg_l2: 1.6014915198990793
