iterations_per_sec: 40.244667038983465
train/distortion_loss: 0.5413722636723759
train/grad_norm: 0.05302930839660794
train/interlevel_loss: 0.0014980935498676968
train/iterations_per_sec: 40.244667038983465
train/l12_reg: 0.9134777085949676
train/loss: 0.008873035642083246
train/mse: 0.006614560788177481
train/psnr: 21.79949390526974
train/tv_reg_l1: 0.12856639515269885
train/tv_reg_l2: 0.021900900780703083
