lpips: 0.00944354385137558
mse: 0.00030696907197125256
psnr: 35.45285125185043
ssim: 0.9828055500984192
