lpips: 0.01195975299924612
mse: 0.00038245372707024217
psnr: 34.380734058847494
ssim: 0.9793774485588074
