iterations_per_sec: 16.914019212025586
train/distortion_loss: 0.000955797338533695
train/grad_norm: 0.014549953787766322
train/interlevel_loss: 0.00014640932601072234
train/iterations_per_sec: 16.914019212025586
train/l12_reg: 2.409307927796335
train/loss: 0.00046818206002089113
train/mse: 0.0003208169382009091
train/psnr: 34.97261779476898
train/tv_reg_l1: 1.2492152307972764
train/tv_reg_l2: 1.487521155916079
