lpips: 0.0872669443488121
mse: 0.0011088665341958404
psnr: 29.668571533490084
ssim: 0.8787753582000732
