lpips: 0.0956474244594574
mse: 0.0008747553802095354
psnr: 30.61627224107791
ssim: 0.8739766478538513
