iterations_per_sec: 56.20853127668725
train/distortion_loss: 0.010096729262684933
train/grad_norm: 0.023013650336199336
train/interlevel_loss: 0.00033364192502704837
train/iterations_per_sec: 56.20853127668725
train/l12_reg: 0.5641668282373987
train/loss: 0.002023993916056975
train/mse: 0.0008849056374112314
train/psnr: 30.554186984746142
train/tv_reg_l1: 0.08466534978813595
train/tv_reg_l2: 0.023118277447241726
