iterations_per_sec: 18.105786964900755
train/distortion_loss: 0.3570177714632015
train/grad_norm: 0.3782438130089731
train/interlevel_loss: 0.00468326567418196
train/iterations_per_sec: 18.105786964900755
train/l12_reg: 0.686024252814476
train/loss: 0.013165861283513632
train/mse: 0.006624996624510698
train/psnr: 21.793461385399404
train/tv_reg_l1: 0.18375142761553176
train/tv_reg_l2: 0.0814557114634851
