lpips: 0.07338869571685791
mse: 0.0009078252478502691
psnr: 30.577917333155956
ssim: 0.8917930126190186
