lpips: 0.07962464541196823
mse: 0.000695408380124718
psnr: 31.624848379813535
ssim: 0.8897203207015991
