iterations_per_sec: 41.731853870066224
train/distortion_loss: 0.01094427958808162
train/grad_norm: 0.022520978859804495
train/interlevel_loss: 0.0003270823505561272
train/iterations_per_sec: 41.731853870066224
train/l12_reg: 0.5062184815454964
train/loss: 0.001777296677711561
train/mse: 0.0007235279472573011
train/psnr: 31.43089758747756
train/tv_reg_l1: 0.07221086270580387
train/tv_reg_l2: 0.02095235985788432
