iterations_per_sec: 12.312340290280261
train/distortion_loss: 0.1309232186488431
train/grad_norm: 0.33056972845636234
train/interlevel_loss: 0.003158023418632872
train/iterations_per_sec: 12.312340290280261
train/l12_reg: 2.002345323562622
train/loss: 0.009429608067177762
train/mse: 0.006140661472925032
train/psnr: 22.119867305562952
train/tv_reg_l1: 1.3210787219230575
train/tv_reg_l2: 1.6969005182535961
