lpips: 0.015771513804793358
mse: 0.00025901568005792797
psnr: 36.52495384516725
ssim: 0.9786866903305054
