lpips: 0.013872746378183365
mse: 0.00016439433966297656
psnr: 37.90915469518393
ssim: 0.9805957078933716
