iterations_per_sec: 52.953864609196344
train/distortion_loss: 0.0025375949835047275
train/grad_norm: 0.010736354248071409
train/interlevel_loss: 7.821446798525449e-05
train/iterations_per_sec: 52.953864609196344
train/l12_reg: 0.33498078373947526
train/loss: 0.0006544501115003544
train/mse: 0.00016874498742070482
train/psnr: 37.75830016473327
train/tv_reg_l1: 0.028955509773258007
train/tv_reg_l2: 0.0069972257167477195
