lpips: 0.13957089185714722
mse: 0.005479708779603243
psnr: 22.663554797748365
ssim: 0.8719877600669861
