iterations_per_sec: 49.230967315631176
train/distortion_loss: 0.01167418004361668
train/grad_norm: 0.03360398826800814
train/interlevel_loss: 0.0004835401983894031
train/iterations_per_sec: 49.230967315631176
train/l12_reg: 0.7166994527132824
train/loss: 0.0053421394485566355
train/mse: 0.004694324842832907
train/psnr: 23.29413315744111
train/tv_reg_l1: 0.08872550816246957
train/tv_reg_l2: 0.015260023610534692
