lpips: 0.02104552462697029
mse: 0.001029647421091795
psnr: 30.021381884741658
ssim: 0.9646974205970764
