lpips: 0.01493630651384592
mse: 0.0005028822924941778
psnr: 33.058694737719954
ssim: 0.9778587818145752
