iterations_per_sec: 23.391271316233013
train/distortion_loss: 0.012476126889161991
train/grad_norm: 0.0010661864012357486
train/interlevel_loss: 0.0003602682166577627
train/iterations_per_sec: 23.391271316233013
train/l12_reg: 2.358514696660668
train/loss: 0.0009013684113707507
train/mse: 0.0005286240690350157
train/psnr: 32.800694687197904
train/tv_reg_l1: 2.0518197724313447
train/tv_reg_l2: 3.0458194149865045
