lpips: 0.15392838418483734
mse: 0.004546011798083782
psnr: 23.538155736280043
ssim: 0.8201431035995483
