iterations_per_sec: 50.564893439156116
train/distortion_loss: 0.011655278814335665
train/grad_norm: 0.0629893092419764
train/interlevel_loss: 0.0007506653377221841
train/iterations_per_sec: 50.564893439156116
train/l12_reg: 0.9443233567054825
train/loss: 0.005035997772909174
train/mse: 0.004103117126200085
train/psnr: 23.879326772208167
train/tv_reg_l1: 0.09343270573652152
train/tv_reg_l2: 0.01705600575289943
