iterations_per_sec: 42.995768479739816
train/distortion_loss: 0.32346633106771144
train/grad_norm: 0.3427067119063753
train/interlevel_loss: 0.0054225216977147744
train/iterations_per_sec: 42.995768479739816
train/l12_reg: 0.6902237317778848
train/loss: 0.015129835739957563
train/mse: 0.007905813145705244
train/psnr: 21.02527857308436
train/tv_reg_l1: 0.18562536182427647
train/tv_reg_l2: 0.07878108834377442
