iterations_per_sec: 42.09283473250887
train/distortion_loss: 0.06708251429025573
train/grad_norm: 0.11798978506615668
train/interlevel_loss: 0.0005605540842739771
train/iterations_per_sec: 42.09283473250887
train/l12_reg: 0.4708458594601564
train/loss: 0.002358670932043231
train/mse: 0.0010318260009616915
train/psnr: 29.869540436099275
train/tv_reg_l1: 0.08022311269634902
train/tv_reg_l2: 0.022836245652852638
