lpips: 0.23425522446632385
mse: 0.010126745328307152
psnr: 20.00547929143571
ssim: 0.8017524480819702
