iterations_per_sec: 47.92124549095878
train/distortion_loss: 0.011442304419522936
train/grad_norm: 0.0771968083249198
train/interlevel_loss: 0.001151179211599884
train/iterations_per_sec: 47.92124549095878
train/l12_reg: 0.8987073332372338
train/loss: 0.010160527173241582
train/mse: 0.008798036578515864
train/psnr: 20.566669309982146
train/tv_reg_l1: 0.10244593250029015
train/tv_reg_l2: 0.01998690532689745
