lpips: 0.2873007655143738
mse: 0.006319545675069094
psnr: 22.126641161827255
ssim: 0.7365384101867676
