iterations_per_sec: 51.94772745734046
train/distortion_loss: 0.03289130207790871
train/grad_norm: 0.10689273668509541
train/interlevel_loss: 0.0011928675971417265
train/iterations_per_sec: 51.94772745734046
train/l12_reg: 1.072216692596975
train/loss: 0.00678762574821259
train/mse: 0.005346264116315528
train/psnr: 22.731902459655146
train/tv_reg_l1: 0.11388877448108461
train/tv_reg_l2: 0.021560273236698575
