lpips: 0.08351398259401321
mse: 0.0007384247146546841
psnr: 31.3517418672739
ssim: 0.8867062926292419
