lpips: 0.07622776180505753
mse: 0.0009718034998513758
psnr: 30.276480709520005
ssim: 0.8896081447601318
