iterations_per_sec: 35.93457635049016
train/distortion_loss: 0.010946397519096582
train/grad_norm: 0.01990813800519464
train/interlevel_loss: 0.00040043803664498184
train/iterations_per_sec: 35.93457635049016
train/l12_reg: 0.6037957722490485
train/loss: 0.002034957784068103
train/mse: 0.0007626895558775751
train/psnr: 31.205538412537237
train/tv_reg_l1: 0.09476327828385613
train/tv_reg_l2: 0.02570880057685303
