lpips: 0.013723657466471195
mse: 0.00016645234427414834
psnr: 37.85278727435619
ssim: 0.9803550243377686
