lpips: 0.015448897145688534
mse: 0.0002629818918649107
psnr: 36.463918148812375
ssim: 0.9783912897109985
