iterations_per_sec: 55.09548579568424
train/distortion_loss: 0.002359711064138647
train/grad_norm: 0.009235349192161752
train/interlevel_loss: 9.140170864570378e-05
train/iterations_per_sec: 55.09548579568424
train/l12_reg: 0.34669632171139575
train/loss: 0.000685699106513927
train/mse: 0.00017060161843975873
train/psnr: 37.71323059544419
train/tv_reg_l1: 0.03142812539531727
train/tv_reg_l2: 0.007463973039065046
