lpips: 0.1015029326081276
mse: 0.0012758079683408141
psnr: 29.028748882832243
ssim: 0.9149528741836548
