iterations_per_sec: 50.419255391801244
train/distortion_loss: 0.007993654926505053
train/grad_norm: 0.030903652282149502
train/interlevel_loss: 0.00033118431468146165
train/iterations_per_sec: 50.419255391801244
train/l12_reg: 0.9264659604640922
train/loss: 0.001602422948127067
train/mse: 0.0011665652237945433
train/psnr: 29.34748973268451
train/tv_reg_l1: 0.06695384487058177
train/tv_reg_l2: 0.009667976147899724
