iterations_per_sec: 41.30333210576059
train/distortion_loss: 0.7947183516290452
train/grad_norm: 0.1104625068379171
train/interlevel_loss: 0.0022507416709994124
train/iterations_per_sec: 41.30333210576059
train/l12_reg: 1.1316048268115881
train/loss: 0.025278655529925316
train/mse: 0.021871950740766043
train/psnr: 16.602540218468867
train/tv_reg_l1: 0.1686649134363791
train/tv_reg_l2: 0.036124474773503314
