lpips: 0.008898353204131126
mse: 0.0003312230983283371
psnr: 35.29795763170884
ssim: 0.9783486723899841
