lpips: 0.006181450095027685
mse: 0.00018737983191385865
psnr: 37.35338786329542
ssim: 0.9825616478919983
