iterations_per_sec: 55.16844366323175
train/distortion_loss: 0.0029593749733811073
train/grad_norm: 0.0005700023226896207
train/interlevel_loss: 0.0005260436675708854
train/iterations_per_sec: 55.16844366323175
train/l12_reg: 0.446225430628266
train/loss: 0.0013837950290039632
train/mse: 0.00019980247151294743
train/psnr: 37.04877876512932
train/tv_reg_l1: 0.06237219830956122
train/tv_reg_l2: 0.020876406061679426
