iterations_per_sec: 41.678125592489494
train/distortion_loss: 0.8249525620479776
train/grad_norm: 0.11479732537209386
train/interlevel_loss: 0.0021091180623066847
train/iterations_per_sec: 41.678125592489494
train/l12_reg: 1.0843649042977228
train/loss: 0.02527811654815168
train/mse: 0.021970750726383142
train/psnr: 16.582977468317207
train/tv_reg_l1: 0.17580655593462666
train/tv_reg_l2: 0.037329521933288284
