lpips: 0.011228038929402828
mse: 0.0002656237338669598
psnr: 35.86388963485201
ssim: 0.974996030330658
