lpips: 0.015984438359737396
mse: 0.000508463301230222
psnr: 33.38474598693828
ssim: 0.96779465675354
