iterations_per_sec: 16.4188666773455
train/distortion_loss: 0.0037797728384082966
train/grad_norm: 0.014567322469307016
train/interlevel_loss: 0.000774493032944097
train/iterations_per_sec: 16.4188666773455
train/l12_reg: 2.3900056415134006
train/loss: 0.0010657339054630185
train/mse: 0.00028746110029081166
train/psnr: 35.48376453284061
train/tv_reg_l1: 1.5553168804958613
train/tv_reg_l2: 2.035632526031648
