lpips: 0.00878177210688591
mse: 0.00036603398621082306
psnr: 34.6016353968234
ssim: 0.9857370257377625
