lpips: 0.010307610034942627
mse: 0.00046506882063113153
psnr: 33.467835213296105
ssim: 0.9833433628082275
