iterations_per_sec: 17.08873577206779
train/distortion_loss: 0.002543544322675602
train/grad_norm: 0.029970897625040526
train/interlevel_loss: 8.51670052412888e-05
train/iterations_per_sec: 17.08873577206779
train/l12_reg: 2.1587058462277806
train/loss: 0.0004769788091917607
train/mse: 0.0003892682593273507
train/psnr: 34.15055477257931
train/tv_reg_l1: 1.353729410604997
train/tv_reg_l2: 1.4833407967981667
