lpips: 0.1290445178747177
mse: 0.00515635684132576
psnr: 22.927969992880097
ssim: 0.8753011226654053
