iterations_per_sec: 48.810967190455365
train/distortion_loss: 0.007967373915957381
train/grad_norm: 0.03370827887997483
train/interlevel_loss: 0.0003704360584526163
train/iterations_per_sec: 48.810967190455365
train/l12_reg: 0.7471419536706173
train/loss: 0.005008732208587004
train/mse: 0.004482624226842414
train/psnr: 23.493756091955937
train/tv_reg_l1: 0.08100253351107993
train/tv_reg_l2: 0.014770457417600684
