iterations_per_sec: 42.30921582661233
train/distortion_loss: 0.24794520211942267
train/grad_norm: 0.06733774243280141
train/interlevel_loss: 0.00265828279232738
train/iterations_per_sec: 42.30921582661233
train/l12_reg: 0.8891203192749408
train/loss: 0.013453204354101961
train/mse: 0.010261335842913449
train/psnr: 19.891487352775805
train/tv_reg_l1: 0.1379556499346338
train/tv_reg_l2: 0.028564059504806394
