iterations_per_sec: 39.81206334759454
train/distortion_loss: 0.4647789453015183
train/grad_norm: 0.08360742017476246
train/interlevel_loss: 0.0034023431256752124
train/iterations_per_sec: 39.81206334759454
train/l12_reg: 0.9704487528463807
train/loss: 0.01883624563689786
train/mse: 0.014635160254935423
train/psnr: 18.348448011610245
train/tv_reg_l1: 0.15518190734314197
train/tv_reg_l2: 0.03339632713433468
