lpips: 0.18042603135108948
mse: 0.005639350973069668
psnr: 22.576650248873975
ssim: 0.797597348690033
