iterations_per_sec: 47.545536045702406
train/distortion_loss: 0.014268655329942703
train/grad_norm: 0.06033130283608581
train/interlevel_loss: 0.0007267307702950531
train/iterations_per_sec: 47.545536045702406
train/l12_reg: 0.9474977549880442
train/loss: 0.005932872268286618
train/mse: 0.005026880538824833
train/psnr: 22.995256847805447
train/tv_reg_l1: 0.09396319550396216
train/tv_reg_l2: 0.01649923041237123
