lpips: 0.051852211356163025
mse: 0.0033178278245031834
psnr: 25.09565242741998
ssim: 0.9294253587722778
