lpips: 0.03970617428421974
mse: 0.0014153392985463142
psnr: 28.5616990628393
ssim: 0.9495505690574646
