iterations_per_sec: 38.52130317108553
train/distortion_loss: 0.014553848559958766
train/grad_norm: 0.036724831513834724
train/interlevel_loss: 0.0005870143991114214
train/iterations_per_sec: 38.52130317108553
train/l12_reg: 0.5339969547107967
train/loss: 0.0029626441390413526
train/mse: 0.001495717130977698
train/psnr: 28.27279526296288
train/tv_reg_l1: 0.11254141554988996
train/tv_reg_l2: 0.033136179764764476
