iterations_per_sec: 32.2234198853559
train/distortion_loss: 0.2565556171566549
train/grad_norm: 0.17391183152042253
train/interlevel_loss: 0.00102499714932602
train/iterations_per_sec: 32.2234198853559
train/l12_reg: 0.8865338750559875
train/loss: 0.007346561559560624
train/mse: 0.004621147027596681
train/psnr: 23.35699087200743
train/tv_reg_l1: 0.2045219372017215
train/tv_reg_l2: 0.05573278891317772
