lpips: 0.013962460681796074
mse: 0.0001681602152530104
psnr: 37.80780901690923
ssim: 0.9805166721343994
