lpips: 0.016053641214966774
mse: 0.0002696894807741046
psnr: 36.40532280552628
ssim: 0.978628933429718
