iterations_per_sec: 51.06484242096494
train/distortion_loss: 0.0028619357394148604
train/grad_norm: 0.009709683865440464
train/interlevel_loss: 9.466395288590587e-05
train/iterations_per_sec: 51.06484242096494
train/l12_reg: 0.3930809422574862
train/loss: 0.0007481314565262033
train/mse: 0.0001731954387540816
train/psnr: 37.64728657886236
train/tv_reg_l1: 0.03903271581488426
train/tv_reg_l2: 0.008432918115321434
