lpips: 0.05343316122889519
mse: 0.003213585587218404
psnr: 25.177687680691623
ssim: 0.927838921546936
