lpips: 0.044907666742801666
mse: 0.0016575385816395283
psnr: 27.882872719058263
ssim: 0.9440746903419495
