iterations_per_sec: 40.19626017862706
train/distortion_loss: 0.0049815538381649685
train/grad_norm: 0.0015171928627585823
train/interlevel_loss: 0.0002885559568477964
train/iterations_per_sec: 40.19626017862706
train/l12_reg: 0.5197290519271234
train/loss: 0.0028780139041970475
train/mse: 0.00173801128197499
train/psnr: 27.617920596190174
train/tv_reg_l1: 0.09209667334351877
train/tv_reg_l2: 0.032673602114723185
