lpips: 0.14622406661510468
mse: 0.004523511976003647
psnr: 23.56174061804258
ssim: 0.8558559417724609
