iterations_per_sec: 47.93414092894987
train/distortion_loss: 0.008958772539791434
train/grad_norm: 0.07973949880235726
train/interlevel_loss: 0.0012971366170060003
train/iterations_per_sec: 47.93414092894987
train/l12_reg: 0.7337848369521324
train/loss: 0.005335181711636709
train/mse: 0.003915373972062059
train/psnr: 24.08959970570574
train/tv_reg_l1: 0.07106157580409388
train/tv_reg_l2: 0.011371234751710988
