iterations_per_sec: 18.234411666700893
train/distortion_loss: 0.15033577171841053
train/grad_norm: 0.2331420329183039
train/interlevel_loss: 0.001320593444762206
train/iterations_per_sec: 18.234411666700893
train/l12_reg: 0.7399694919586182
train/loss: 0.005595012328051256
train/mse: 0.0027625239054399607
train/psnr: 25.5934184873947
train/tv_reg_l1: 0.20174199628709544
train/tv_reg_l2: 0.06215896581610044
