iterations_per_sec: 14.956730638602785
train/distortion_loss: 0.08575304153591695
train/grad_norm: 0.24689618505612768
train/interlevel_loss: 0.0029466891745952043
train/iterations_per_sec: 14.956730638602785
train/l12_reg: 1.8860576225049568
train/loss: 0.0067106005312366915
train/mse: 0.0036781583160086714
train/psnr: 24.351947283503986
train/tv_reg_l1: 1.3504131153376415
train/tv_reg_l2: 1.8894241470279116
