iterations_per_sec: 14.64075920386901
train/distortion_loss: 0.07872032411772796
train/grad_norm: 0.07440437880730388
train/interlevel_loss: 0.0014979927941705241
train/iterations_per_sec: 14.64075920386901
train/l12_reg: 2.1398961544036865
train/loss: 0.004474640268870074
train/mse: 0.002897927142453916
train/psnr: 25.382883226028596
train/tv_reg_l1: 1.5102093135467682
train/tv_reg_l2: 2.031677686806881
