iterations_per_sec: 51.38533441222645
train/distortion_loss: 0.16542188461982843
train/grad_norm: 0.21980661921428912
train/interlevel_loss: 0.0013817045837640762
train/iterations_per_sec: 51.38533441222645
train/l12_reg: 0.7502317073369267
train/loss: 0.006356090208459081
train/mse: 0.0034391543395215214
train/psnr: 24.641372468736435
train/tv_reg_l1: 0.1902142162575866
train/tv_reg_l2: 0.06195776465565267
