lpips: 0.12026754021644592
mse: 0.0015545808710157871
psnr: 28.186835916746286
ssim: 0.9041759371757507
