iterations_per_sec: 48.505929785080575
train/distortion_loss: 0.013663956857841424
train/grad_norm: 0.025285810768378502
train/interlevel_loss: 0.0007252180590200228
train/iterations_per_sec: 48.505929785080575
train/l12_reg: 1.2392957969145342
train/loss: 0.0022154308060616857
train/mse: 0.001378679237648318
train/psnr: 28.61700553123397
train/tv_reg_l1: 0.07210777549430578
train/tv_reg_l2: 0.009786955607735147
