lpips: 0.14387404918670654
mse: 0.0029703699983656406
psnr: 25.290404453941207
ssim: 0.913832426071167
