iterations_per_sec: 50.200406870031586
train/distortion_loss: 0.005813639328786821
train/grad_norm: 0.07569068350424671
train/interlevel_loss: 0.0005902238625261669
train/iterations_per_sec: 50.200406870031586
train/l12_reg: 0.8318237999472955
train/loss: 0.0035992538782231736
train/mse: 0.002820675042598988
train/psnr: 25.522088368733723
train/tv_reg_l1: 0.098337283865972
train/tv_reg_l2: 0.018254134277201663
