iterations_per_sec: 43.811403190425814
train/distortion_loss: 0.27429079798736955
train/grad_norm: 0.09453286546649355
train/interlevel_loss: 0.0012594197436960207
train/iterations_per_sec: 43.811403190425814
train/l12_reg: 0.729757268621464
train/loss: 0.019235922362316738
train/mse: 0.017324639615988492
train/psnr: 17.615257340248185
train/tv_reg_l1: 0.13585989598674003
train/tv_reg_l2: 0.0377572091164613
