lpips: 0.014510235749185085
mse: 0.00046880278387106955
psnr: 33.35006123302254
ssim: 0.9791330099105835
