lpips: 0.019735418260097504
mse: 0.0010105677647516131
psnr: 30.131330019072195
ssim: 0.9666090607643127
