iterations_per_sec: 16.850894728139444
train/distortion_loss: 0.015263230718597018
train/grad_norm: 0.014495390114572012
train/interlevel_loss: 0.0005225840846612824
train/iterations_per_sec: 16.850894728139444
train/l12_reg: 2.4544212336492057
train/loss: 0.0010355636600941193
train/mse: 0.0004977163443614663
train/psnr: 33.06113549434777
train/tv_reg_l1: 2.0163684035792495
train/tv_reg_l2: 2.8200298102215084
