lpips: 0.010669716633856297
mse: 0.00024100956215988845
psnr: 36.27939796544582
ssim: 0.9772101640701294
