lpips: 0.014844122342765331
mse: 0.00044565097778104246
psnr: 33.90720485673097
ssim: 0.970958411693573
