iterations_per_sec: 38.7060786323
train/distortion_loss: 0.0033840882036872584
train/grad_norm: 0.015891975422173438
train/interlevel_loss: 0.0004830534465262911
train/iterations_per_sec: 38.7060786323
train/l12_reg: 0.47227710455355015
train/loss: 0.0014493210509306555
train/mse: 0.00026345986407250166
train/psnr: 35.85831960042318
train/tv_reg_l1: 0.06877917450184774
train/tv_reg_l2: 0.02271465217751084
