lpips: 0.1324210911989212
mse: 0.005209019407629967
psnr: 22.88581071738339
ssim: 0.8752400279045105
