iterations_per_sec: 46.88882600892282
train/distortion_loss: 0.008111307002378233
train/grad_norm: 0.034997578992536575
train/interlevel_loss: 0.0003825977281196927
train/iterations_per_sec: 46.88882600892282
train/l12_reg: 0.7722759349177583
train/loss: 0.005028379765913041
train/mse: 0.004487128702528549
train/psnr: 23.49166249747228
train/tv_reg_l1: 0.08370010351592844
train/tv_reg_l2: 0.015054200164446927
