lpips: 0.01081254705786705
mse: 0.000493156083393842
psnr: 33.22771009583031
ssim: 0.9828459024429321
