lpips: 0.0089578777551651
mse: 0.00035999235115014017
psnr: 34.661297542281574
ssim: 0.9856317639350891
