iterations_per_sec: 16.465744394547375
train/distortion_loss: 0.0037366863142586117
train/grad_norm: 0.027188769362942136
train/interlevel_loss: 9.409403278506502e-05
train/iterations_per_sec: 16.465744394547375
train/l12_reg: 2.073679531463469
train/loss: 0.00048704371955763135
train/mse: 0.0003892130020305025
train/psnr: 34.13913896348741
train/tv_reg_l1: 1.3878113199966122
train/tv_reg_l2: 1.4795345778417106
