iterations_per_sec: 34.29937542318509
train/distortion_loss: 0.23743083440896237
train/grad_norm: 0.3919307417941816
train/interlevel_loss: 0.0024158809865552065
train/iterations_per_sec: 34.29937542318509
train/l12_reg: 0.7402049218765413
train/loss: 0.012124210511418905
train/mse: 0.0079581797301694
train/psnr: 20.99595426308988
train/tv_reg_l1: 0.20508778607002412
train/tv_reg_l2: 0.07725141310330594
