lpips: 0.08287327736616135
mse: 0.0007315907860174775
psnr: 31.391570556561888
ssim: 0.8871681094169617
