lpips: 0.07605786621570587
mse: 0.0009913863614201546
psnr: 30.270923986142506
ssim: 0.8899960517883301
