iterations_per_sec: 39.054571638194055
train/distortion_loss: 0.011117586075808063
train/grad_norm: 0.01984256711045299
train/interlevel_loss: 0.00032812426974432486
train/iterations_per_sec: 39.054571638194055
train/l12_reg: 0.5290742679075762
train/loss: 0.0018426837503082221
train/mse: 0.0007556508009491319
train/psnr: 31.24298130382191
train/tv_reg_l1: 0.07741858554307861
train/tv_reg_l2: 0.021871678079619553
