iterations_per_sec: 44.43481813410547
train/distortion_loss: 0.05366724691908769
train/grad_norm: 0.0847934993228527
train/interlevel_loss: 0.0012715568265059228
train/iterations_per_sec: 44.43481813410547
train/l12_reg: 0.5365572481444387
train/loss: 0.005058447501123554
train/mse: 0.002913701787797941
train/psnr: 25.359661950005425
train/tv_reg_l1: 0.09915283412644357
train/tv_reg_l2: 0.0282964330693387
