lpips: 0.1268625408411026
mse: 0.0027361896354705095
psnr: 25.64949119990717
ssim: 0.9239524602890015
