iterations_per_sec: 51.690951061150685
train/distortion_loss: 0.0031284432449011188
train/grad_norm: 0.06993879639364854
train/interlevel_loss: 0.00034188970745861004
train/iterations_per_sec: 51.690951061150685
train/l12_reg: 0.9129951686570139
train/loss: 0.0030961632023029256
train/mse: 0.0025790113558277787
train/psnr: 25.91428802952622
train/tv_reg_l1: 0.09115733672874142
train/tv_reg_l2: 0.017213369409243267
