lpips: 0.02065451629459858
mse: 0.001037232461385429
psnr: 29.973636230902137
ssim: 0.9661548137664795
