lpips: 0.014722165651619434
mse: 0.00046586900134570897
psnr: 33.38037409539403
ssim: 0.9791738390922546
