iterations_per_sec: 16.46192415267685
train/distortion_loss: 0.017180122660868095
train/grad_norm: 0.01315533561688481
train/interlevel_loss: 0.0006990291570981193
train/iterations_per_sec: 16.46192415267685
train/l12_reg: 2.4624962445461387
train/loss: 0.0011984017122574527
train/mse: 0.0004821924361602563
train/psnr: 33.19501716922028
train/tv_reg_l1: 1.9670527607503563
train/tv_reg_l2: 2.6844244484949593
