iterations_per_sec: 42.61062927024652
train/distortion_loss: 0.47488623375844474
train/grad_norm: 0.05558017855792335
train/interlevel_loss: 0.0016738044420219582
train/iterations_per_sec: 42.61062927024652
train/l12_reg: 0.9566989215937528
train/loss: 0.020970498653824884
train/mse: 0.01853233397082247
train/psnr: 17.322470154425112
train/tv_reg_l1: 0.1475047840915545
train/tv_reg_l2: 0.028947396693055075
