lpips: 0.013590769842267036
mse: 0.0003972382110077888
psnr: 34.22148916274682
ssim: 0.9783321619033813
