lpips: 0.01061069406569004
mse: 0.0003227652341593057
psnr: 35.25245440682433
ssim: 0.9819283485412598
