iterations_per_sec: 30.18182691231286
train/distortion_loss: 0.0010187171283178031
train/grad_norm: 0.016653369467780746
train/interlevel_loss: 0.0001393733522619563
train/iterations_per_sec: 30.18182691231286
train/l12_reg: 0.41228575718523275
train/loss: 0.0010343109324546249
train/mse: 0.0003377500917960071
train/psnr: 34.749963317254576
train/tv_reg_l1: 0.046891238690927775
train/tv_reg_l2: 0.014388299848169389
