lpips: 0.016446998342871666
mse: 0.0002724811783991754
psnr: 36.354233657892
ssim: 0.977906346321106
