lpips: 0.01428510807454586
mse: 0.00016978094936348498
psnr: 37.76171567478208
ssim: 0.9800357818603516
