iterations_per_sec: 54.53057123254841
train/distortion_loss: 0.002455368513391927
train/grad_norm: 0.011787660062463597
train/interlevel_loss: 0.00010327385318691306
train/iterations_per_sec: 54.53057123254841
train/l12_reg: 0.3817380600505405
train/loss: 0.0007436507260379843
train/mse: 0.00017472105662249066
train/psnr: 37.6052843344332
train/tv_reg_l1: 0.03486513372774076
train/tv_reg_l2: 0.008146237375007736
