lpips: 0.011665047146379948
mse: 0.00035319692688062787
psnr: 34.85719387356404
ssim: 0.9792577624320984
