lpips: 0.015363877639174461
mse: 0.00044476104085333645
psnr: 33.7284644820169
ssim: 0.9753634929656982
