iterations_per_sec: 19.06992755856918
train/distortion_loss: 0.0009964707382775918
train/grad_norm: 0.000759889938482883
train/interlevel_loss: 0.000177040592957796
train/iterations_per_sec: 19.06992755856918
train/l12_reg: 2.1321531835228504
train/loss: 0.0005452942792232139
train/mse: 0.0003672572160892264
train/psnr: 34.38298208063299
train/tv_reg_l1: 1.3766321726519652
train/tv_reg_l2: 1.784085012445546
