iterations_per_sec: 17.116018256950802
train/distortion_loss: 0.2312904182407591
train/grad_norm: 0.3399464024437798
train/interlevel_loss: 0.003736741579786846
train/iterations_per_sec: 17.116018256950802
train/l12_reg: 2.2852870815932147
train/loss: 0.012686981687867882
train/mse: 0.008718949667356833
train/psnr: 20.599335525975082
train/tv_reg_l1: 1.6823873495814776
train/tv_reg_l2: 2.3042291077700527
