iterations_per_sec: 17.074791075891305
train/distortion_loss: 0.06980986554514278
train/grad_norm: 0.11163998914487434
train/interlevel_loss: 0.0013990342990975037
train/iterations_per_sec: 17.074791075891305
train/l12_reg: 2.121125310358375
train/loss: 0.0026850940923046586
train/mse: 0.0012162499155642258
train/psnr: 29.15453188347094
train/tv_reg_l1: 1.5062958218834617
train/tv_reg_l2: 2.1634587759923454
