lpips: 0.22981314361095428
mse: 0.01009763590991497
psnr: 20.022015009848737
ssim: 0.8063948154449463
