iterations_per_sec: 46.42112664777488
train/distortion_loss: 0.010350657024919385
train/grad_norm: 0.07034523137892136
train/interlevel_loss: 0.0009149173215840652
train/iterations_per_sec: 46.42112664777488
train/l12_reg: 0.958934567191384
train/loss: 0.009863269421262573
train/mse: 0.008730518391750978
train/psnr: 20.599924781105734
train/tv_reg_l1: 0.10868257660456378
train/tv_reg_l2: 0.020748305275584713
