lpips: 0.1265767514705658
mse: 0.002874835627153516
psnr: 25.438305373207395
ssim: 0.9216995239257812
