iterations_per_sec: 47.69838703278852
train/distortion_loss: 0.0031361410210868626
train/grad_norm: 0.06711406949343103
train/interlevel_loss: 0.00034764320078080124
train/iterations_per_sec: 47.69838703278852
train/l12_reg: 0.9343526724613074
train/loss: 0.0032138095279647546
train/mse: 0.002685463876755099
train/psnr: 25.731456448333432
train/tv_reg_l1: 0.09291456647292533
train/tv_reg_l2: 0.01775663150380356
