lpips: 0.01130949892103672
mse: 0.0003604660159908235
psnr: 34.63864628456131
ssim: 0.9806142449378967
