lpips: 0.008781954646110535
mse: 0.0002873417397495359
psnr: 35.756032682940756
ssim: 0.984062135219574
