iterations_per_sec: 36.98571267536937
train/distortion_loss: 0.0009993207687982405
train/grad_norm: 0.015224485314742785
train/interlevel_loss: 0.00015503105415252386
train/iterations_per_sec: 36.98571267536937
train/l12_reg: 0.411816370306593
train/loss: 0.001016353854951872
train/mse: 0.00030482180679400426
train/psnr: 35.198478390472104
train/tv_reg_l1: 0.047889469511280154
train/tv_reg_l2: 0.014368529309227008
