lpips: 0.2801341116428375
mse: 0.005936644040048122
psnr: 22.389184231958026
ssim: 0.7414256930351257
