iterations_per_sec: 49.28234923725864
train/distortion_loss: 0.024258658515684532
train/grad_norm: 0.10217894779311286
train/interlevel_loss: 0.0014482440869088727
train/iterations_per_sec: 49.28234923725864
train/l12_reg: 1.0873767498767737
train/loss: 0.0067304665307429705
train/mse: 0.0050572725012898445
train/psnr: 22.97493447197808
train/tv_reg_l1: 0.10256540173231954
train/tv_reg_l2: 0.020069130197769465
