lpips: 0.08423484861850739
mse: 0.0007178302039392292
psnr: 31.476641457338616
ssim: 0.8876200914382935
