lpips: 0.0767940878868103
mse: 0.0009493489633314312
psnr: 30.387054103883774
ssim: 0.8902539014816284
