iterations_per_sec: 38.99462732828682
train/distortion_loss: 0.010960090801947646
train/grad_norm: 0.019519941081678628
train/interlevel_loss: 0.00034931555156351415
train/iterations_per_sec: 38.99462732828682
train/l12_reg: 0.570431851979458
train/loss: 0.0019066483064582853
train/mse: 0.0007344904082893122
train/psnr: 31.367379872485845
train/tv_reg_l1: 0.08743133087350864
train/tv_reg_l2: 0.024145036202036972
