lpips: 0.01966189034283161
mse: 0.0005698209861293435
psnr: 32.796609186547684
ssim: 0.9629505276679993
