lpips: 0.015113464556634426
mse: 0.00033058132976293564
psnr: 34.923852147199824
ssim: 0.9701775312423706
