iterations_per_sec: 37.59634585717706
train/distortion_loss: 0.003574777455680599
train/grad_norm: 0.021910598181714914
train/interlevel_loss: 0.000589946009726687
train/iterations_per_sec: 37.59634585717706
train/l12_reg: 0.5817023148440351
train/loss: 0.0018129467122219127
train/mse: 0.00035395059526446414
train/psnr: 34.55756459091649
train/tv_reg_l1: 0.0947197112019616
train/tv_reg_l2: 0.02837729834095396
