lpips: 0.1451190561056137
mse: 0.003029501996934414
psnr: 25.380424586190863
ssim: 0.8650962710380554
