iterations_per_sec: 48.21153040704007
train/distortion_loss: 0.005945266083334432
train/grad_norm: 0.028467297892678867
train/interlevel_loss: 0.0010377154409217488
train/iterations_per_sec: 48.21153040704007
train/l12_reg: 0.8362593096916122
train/loss: 0.0039179951582818924
train/mse: 0.002754054112228179
train/psnr: 25.612262070781053
train/tv_reg_l1: 0.07365931322177251
train/tv_reg_l2: 0.0120280333183179
