lpips: 0.017508504912257195
mse: 0.00028543558437377214
psnr: 36.104661580539826
ssim: 0.9769067168235779
