lpips: 0.014975572004914284
mse: 0.0001756097044562921
psnr: 37.61370264856428
ssim: 0.9792548418045044
