iterations_per_sec: 64.74357517878393
train/distortion_loss: 0.002800613728756405
train/grad_norm: 0.0004621941085923651
train/interlevel_loss: 0.00010102841535093959
train/iterations_per_sec: 64.74357517878393
train/l12_reg: 0.3937117044973855
train/loss: 0.000764962148763277
train/mse: 0.00018129482031317728
train/psnr: 37.44705770473288
train/tv_reg_l1: 0.036544268518084226
train/tv_reg_l2: 0.0086126583393174
