lpips: 0.009965137578547001
mse: 0.0003105922369286418
psnr: 35.41580540770091
ssim: 0.9823758006095886
