lpips: 0.01310009229928255
mse: 0.000390406436054036
psnr: 34.284514257893555
ssim: 0.9786763191223145
