iterations_per_sec: 54.70140220372182
train/distortion_loss: 0.0011233446756236706
train/grad_norm: 0.0005556118796283209
train/interlevel_loss: 0.00016616136770497894
train/iterations_per_sec: 54.70140220372182
train/l12_reg: 0.42740862056462453
train/loss: 0.0010819447748927455
train/mse: 0.00032761176775275455
train/psnr: 34.8837908349856
train/tv_reg_l1: 0.05134818258911672
train/tv_reg_l2: 0.015963964107813255
