lpips: 0.04065391421318054
mse: 0.001432257005944848
psnr: 28.51173195803351
ssim: 0.9482405781745911
