lpips: 0.053135816007852554
mse: 0.003447403199970722
psnr: 24.92625006372883
ssim: 0.9268362522125244
