iterations_per_sec: 38.54302378176273
train/distortion_loss: 0.01808612198201996
train/grad_norm: 0.03858074079258273
train/interlevel_loss: 0.0006640889303231931
train/iterations_per_sec: 38.54302378176273
train/l12_reg: 0.5569184609133788
train/loss: 0.0030953583114714635
train/mse: 0.0015088231984826952
train/psnr: 28.236400739111083
train/tv_reg_l1: 0.12162879914647401
train/tv_reg_l2: 0.03474415887636368
