lpips: 0.014001664705574512
mse: 0.000417574483435601
psnr: 34.00086809732713
ssim: 0.9774298071861267
