lpips: 0.010828640311956406
mse: 0.0003369452024344355
psnr: 35.07626535314806
ssim: 0.9812054634094238
