iterations_per_sec: 53.96297375271907
train/distortion_loss: 0.00100907863875042
train/grad_norm: 0.016574274687416325
train/interlevel_loss: 0.0001372416562376064
train/iterations_per_sec: 53.96297375271907
train/l12_reg: 0.38831234008374843
train/loss: 0.0010150338004512544
train/mse: 0.00035281671502749727
train/psnr: 34.55684430671461
train/tv_reg_l1: 0.04135480169395004
train/tv_reg_l2: 0.013565398827947751
