iterations_per_sec: 28.382299673532877
train/distortion_loss: 0.2906225278522029
train/grad_norm: 0.5106459943333057
train/interlevel_loss: 0.00455611902806494
train/iterations_per_sec: 28.382299673532877
train/l12_reg: 0.817554665334297
train/loss: 0.02955745811564754
train/mse: 0.022692205911182393
train/psnr: 16.443059343280215
train/tv_reg_l1: 0.26950161986880833
train/tv_reg_l2: 0.12009564689313522
