lpips: 0.1373729109764099
mse: 0.003055976005271077
psnr: 25.286501926774562
ssim: 0.8683809638023376
