iterations_per_sec: 47.56929907000269
train/distortion_loss: 0.006148112655589075
train/grad_norm: 0.027879569830015452
train/interlevel_loss: 0.0006953316994688728
train/iterations_per_sec: 47.56929907000269
train/l12_reg: 0.8808271306933779
train/loss: 0.003630945390805301
train/mse: 0.0028076014091081994
train/psnr: 25.526273399892478
train/tv_reg_l1: 0.07332476695077587
train/tv_reg_l2: 0.012186418089902762
