lpips: 0.01908331736922264
mse: 0.0008251717663370073
psnr: 30.885058716845037
ssim: 0.9679827690124512
