lpips: 0.01687769778072834
mse: 0.0006024350295774639
psnr: 32.27727569538067
ssim: 0.9758854508399963
