iterations_per_sec: 26.66699900107851
train/distortion_loss: 0.00399418305041212
train/grad_norm: 0.014619038327399528
train/interlevel_loss: 0.0006557785902369881
train/iterations_per_sec: 26.66699900107851
train/l12_reg: 0.33332242718850724
train/loss: 0.0017826214592640448
train/mse: 0.0006408676054714379
train/psnr: 31.973775748050574
train/tv_reg_l1: 0.04098467908874907
train/tv_reg_l2: 0.014865864011825937
