lpips: 0.029314422979950905
mse: 0.0014581095892935991
psnr: 28.57859022666055
ssim: 0.9368215799331665
