lpips: 0.023131176829338074
mse: 0.0008066467707976699
psnr: 31.161988711158447
ssim: 0.9565792679786682
