iterations_per_sec: 34.031378629416196
train/distortion_loss: 0.006628665480424057
train/grad_norm: 0.03371451600370082
train/interlevel_loss: 0.0002331471467811633
train/iterations_per_sec: 34.031378629416196
train/l12_reg: 0.503939930838768
train/loss: 0.0018112113360654223
train/mse: 0.0008452922838382574
train/psnr: 30.755292333737767
train/tv_reg_l1: 0.07192535931714858
train/tv_reg_l2: 0.022220331893274277
