lpips: 0.07637041807174683
mse: 0.0009627558174543083
psnr: 30.28242781400857
ssim: 0.8886241316795349
