lpips: 0.08455386012792587
mse: 0.0007463053334504366
psnr: 31.304686416184932
ssim: 0.8853797316551208
