iterations_per_sec: 41.85721856493551
train/distortion_loss: 0.010998239552583357
train/grad_norm: 0.021818709729070015
train/interlevel_loss: 0.00032864258015490695
train/iterations_per_sec: 41.85721856493551
train/l12_reg: 0.5487469073497888
train/loss: 0.0018914751261660848
train/mse: 0.0007719183664044572
train/psnr: 31.151392098629113
train/tv_reg_l1: 0.08145091577310755
train/tv_reg_l2: 0.023116902815121593
