lpips: 0.00755931856110692
mse: 0.0003868302737828344
psnr: 34.268832238007
ssim: 0.9864112138748169
