lpips: 0.0062373336404562
mse: 0.0003179243067279458
psnr: 35.23928279779123
ssim: 0.9885829091072083
