iterations_per_sec: 38.29927262451674
train/distortion_loss: 0.0011640682003950004
train/grad_norm: 0.03465888105483368
train/interlevel_loss: 8.364890365757876e-05
train/iterations_per_sec: 38.29927262451674
train/l12_reg: 0.2636358117816424
train/loss: 0.0007740723744100619
train/mse: 0.00034464860374385474
train/psnr: 34.684253230239406
train/tv_reg_l1: 0.024980955841866406
train/tv_reg_l2: 0.008097498169676825
