lpips: 0.016977863386273384
mse: 0.0005174863035790622
psnr: 33.24535909726014
ssim: 0.9665685892105103
