lpips: 0.01239448320120573
mse: 0.0002797505585476756
psnr: 35.657840246948055
ssim: 0.9738892316818237
