iterations_per_sec: 16.252828410511988
train/distortion_loss: 0.003807539070928187
train/grad_norm: 0.01389540508483546
train/interlevel_loss: 0.000699140846428245
train/iterations_per_sec: 16.252828410511988
train/l12_reg: 2.288782875947278
train/loss: 0.0010027381164642672
train/mse: 0.0002997897324596786
train/psnr: 35.2820798700506
train/tv_reg_l1: 1.3818071779578622
train/tv_reg_l2: 1.8628813509989266
