lpips: 0.08644431829452515
mse: 0.0007505762041546404
psnr: 31.27805905302167
ssim: 0.8853555917739868
