lpips: 0.07929868996143341
mse: 0.0009763168054632843
psnr: 30.224693686534156
ssim: 0.8879010677337646
