iterations_per_sec: 41.047904177130974
train/distortion_loss: 0.011116517086823782
train/grad_norm: 0.0223012434864285
train/interlevel_loss: 0.00033759676664362126
train/iterations_per_sec: 41.047904177130974
train/l12_reg: 0.582942297362318
train/loss: 0.0019489125033483059
train/mse: 0.0007735193322525557
train/psnr: 31.144171339092832
train/tv_reg_l1: 0.08959516182993398
train/tv_reg_l2: 0.02437375687213257
