iterations_per_sec: 38.28201298717835
train/distortion_loss: 0.5367679355120418
train/grad_norm: 0.08588541269001335
train/interlevel_loss: 0.002373045886575122
train/iterations_per_sec: 38.28201298717835
train/l12_reg: 0.9610070164757546
train/loss: 0.016688054041805293
train/mse: 0.013512168333611706
train/psnr: 18.69548385311859
train/tv_reg_l1: 0.1400965977497775
train/tv_reg_l2: 0.026607194332161334
