lpips: 0.017789185047149658
mse: 0.0008139213896356523
psnr: 30.975070855507674
ssim: 0.9689568877220154
