lpips: 0.014604460448026657
mse: 0.0005000114906579256
psnr: 33.08062572354886
ssim: 0.9783603549003601
