iterations_per_sec: 38.548491795144386
train/distortion_loss: 0.009796185729404291
train/grad_norm: 0.01315040062793126
train/interlevel_loss: 0.0004981952796412651
train/iterations_per_sec: 38.548491795144386
train/l12_reg: 0.43678088742073135
train/loss: 0.0017082132246213578
train/mse: 0.0005314367969703833
train/psnr: 32.77736203357427
train/tv_reg_l1: 0.09392608378571693
train/tv_reg_l2: 0.02320040702217757
