lpips: 0.014267604798078537
mse: 0.00026570603949949145
psnr: 36.68616191239667
ssim: 0.9800564050674438
