lpips: 0.01186290755867958
mse: 0.00014873653708491474
psnr: 38.34805435297793
ssim: 0.9824150204658508
