iterations_per_sec: 35.99185864605904
train/distortion_loss: 0.0027228274495538435
train/grad_norm: 0.008619249015199866
train/interlevel_loss: 9.889500918257229e-05
train/iterations_per_sec: 35.99185864605904
train/l12_reg: 0.40066524346669513
train/loss: 0.0007415372852442993
train/mse: 0.0001524655921402331
train/psnr: 38.208265940348305
train/tv_reg_l1: 0.041227855164595324
train/tv_reg_l2: 0.008678859391372012
