lpips: 0.011127850972115993
mse: 0.0003533105191309005
psnr: 34.86904115645779
ssim: 0.9800031781196594
