lpips: 0.01351897045969963
mse: 0.0004223757132422179
psnr: 33.95227456412681
ssim: 0.9768446087837219
