iterations_per_sec: 23.076820627942986
train/distortion_loss: 0.0008696886849580239
train/grad_norm: 0.0007739494633484594
train/interlevel_loss: 0.00014974098082871711
train/iterations_per_sec: 23.076820627942986
train/l12_reg: 2.123273379874952
train/loss: 0.0005180493142394668
train/mse: 0.00036743864407668813
train/psnr: 34.375547004468515
train/tv_reg_l1: 1.2060208019584115
train/tv_reg_l2: 1.4853520104379365
