lpips: 0.1439146101474762
mse: 0.0030557322315871716
psnr: 25.31886947235002
ssim: 0.8661612868309021
