iterations_per_sec: 50.63139539021897
train/distortion_loss: 0.005348774091801559
train/grad_norm: 0.029294885055284308
train/interlevel_loss: 0.0006768393860612479
train/iterations_per_sec: 50.63139539021897
train/l12_reg: 0.8989926082919343
train/loss: 0.003589111272095129
train/mse: 0.0027888656142308855
train/psnr: 25.556132807876125
train/tv_reg_l1: 0.07024784664614032
train/tv_reg_l2: 0.011805750100374823
