iterations_per_sec: 33.524979353124486
train/distortion_loss: 0.09094509075988423
train/grad_norm: 0.2901613081645484
train/interlevel_loss: 0.0017540778922425075
train/iterations_per_sec: 33.524979353124486
train/l12_reg: 0.5529483948091064
train/loss: 0.00618598922014688
train/mse: 0.003397859785837507
train/psnr: 24.695705336753768
train/tv_reg_l1: 0.10477202573809961
train/tv_reg_l2: 0.039015802545378904
