lpips: 0.01634114421904087
mse: 0.0007347686332650483
psnr: 31.4101874964736
ssim: 0.9710643291473389
