lpips: 0.013562768697738647
mse: 0.0004901307984255254
psnr: 33.177411785237034
ssim: 0.9794535636901855
