iterations_per_sec: 53.981726049068385
train/distortion_loss: 0.0043198255648027465
train/grad_norm: 0.0007911337971113472
train/interlevel_loss: 0.00031980023498298844
train/iterations_per_sec: 53.981726049068385
train/l12_reg: 0.3675369475827073
train/loss: 0.0014026201744046477
train/mse: 0.0005209692833225497
train/psnr: 32.86784430224486
train/tv_reg_l1: 0.05348665891873716
train/tv_reg_l2: 0.018999387895820116
