iterations_per_sec: 42.87588675185889
train/distortion_loss: 0.3317170088941401
train/grad_norm: 0.06557297606886638
train/interlevel_loss: 0.0018422377067665108
train/iterations_per_sec: 42.87588675185889
train/l12_reg: 0.8172319296634558
train/loss: 0.0414787752535006
train/mse: 0.039011497577332487
train/psnr: 14.089137481920647
train/tv_reg_l1: 0.12320851790483552
train/tv_reg_l2: 0.02933227125969198
