lpips: 0.008329501375555992
mse: 0.00041102000977844
psnr: 34.03123999006078
ssim: 0.9858472347259521
