lpips: 0.006982727441936731
mse: 0.0003292907786089927
psnr: 35.060981449099906
ssim: 0.9879114031791687
