iterations_per_sec: 40.98198427232655
train/distortion_loss: 0.0012739719235046645
train/grad_norm: 0.035931500004171724
train/interlevel_loss: 0.00014669263563142393
train/iterations_per_sec: 40.98198427232655
train/l12_reg: 0.26250240357235227
train/loss: 0.0008493200587720205
train/mse: 0.00035181771223009986
train/psnr: 34.59321440109099
train/tv_reg_l1: 0.023259440229998693
train/tv_reg_l2: 0.008703333071687004
