lpips: 0.01588757522404194
mse: 0.00026840681675821543
psnr: 36.45870503577838
ssim: 0.9785676598548889
