lpips: 0.013786730356514454
mse: 0.00016419528401456773
psnr: 37.918064107052125
ssim: 0.9806274175643921
