iterations_per_sec: 54.73092395846025
train/distortion_loss: 0.0026833550049688176
train/grad_norm: 0.00907700849612328
train/interlevel_loss: 8.070375976115089e-05
train/iterations_per_sec: 54.73092395846025
train/l12_reg: 0.3260800949852876
train/loss: 0.0006440912797868327
train/mse: 0.000168473039097576
train/psnr: 37.769004783245045
train/tv_reg_l1: 0.028229883900194458
train/tv_reg_l2: 0.006615101726669253
