lpips: 0.008005879819393158
mse: 0.0003688766446430236
psnr: 34.57008301074478
ssim: 0.9865233898162842
