lpips: 0.009506721049547195
mse: 0.00044509180588647723
psnr: 33.655159385460045
ssim: 0.9843037128448486
