iterations_per_sec: 53.456719392424304
train/distortion_loss: 0.0010204206742910724
train/grad_norm: 0.0006091188112593661
train/interlevel_loss: 8.350665728982556e-05
train/iterations_per_sec: 53.456719392424304
train/l12_reg: 0.2798523207505544
train/loss: 0.0008616150989470006
train/mse: 0.0004011791330559951
train/psnr: 34.022182483865755
train/tv_reg_l1: 0.026666906314215276
train/tv_reg_l2: 0.009605656359156575
