lpips: 0.009998288005590439
mse: 0.00046947799273766577
psnr: 33.470509647999236
ssim: 0.9835057258605957
