lpips: 0.008057352155447006
mse: 0.00033443327993154526
psnr: 34.976689571008244
ssim: 0.9863565564155579
