iterations_per_sec: 16.348397312237978
train/distortion_loss: 0.003479280539628382
train/grad_norm: 0.0291313049242352
train/interlevel_loss: 0.0001268767561549509
train/iterations_per_sec: 16.348397312237978
train/l12_reg: 2.050125095579359
train/loss: 0.00048717195544429497
train/mse: 0.00035681591852511645
train/psnr: 34.52162143437549
train/tv_reg_l1: 1.4432778936443906
train/tv_reg_l2: 1.6302545720880681
