lpips: 0.024523885920643806
mse: 0.0012783604906871915
psnr: 29.185214278261554
ssim: 0.9440975189208984
