lpips: 0.018308784812688828
mse: 0.0006306745926849544
psnr: 32.23967179117167
ssim: 0.9643405675888062
