iterations_per_sec: 36.341942792513116
train/distortion_loss: 0.006621522833640227
train/grad_norm: 0.02836922106493001
train/interlevel_loss: 0.00015758000363624006
train/iterations_per_sec: 36.341942792513116
train/l12_reg: 0.4077219099107415
train/loss: 0.001416910992408491
train/mse: 0.0006620145930245405
train/psnr: 31.826980995409418
train/tv_reg_l1: 0.05335101300869325
train/tv_reg_l2: 0.018297293590325298
