lpips: 0.06352286040782928
mse: 0.004457233473658562
psnr: 23.841809555229073
ssim: 0.917478621006012
