lpips: 0.04437049478292465
mse: 0.0015148851089179516
psnr: 28.260295977063915
ssim: 0.9450274705886841
