iterations_per_sec: 16.096020223022954
train/distortion_loss: 0.022676198188253123
train/grad_norm: 0.03456113530755645
train/interlevel_loss: 0.0008431287062580161
train/iterations_per_sec: 16.096020223022954
train/l12_reg: 2.406345355390298
train/loss: 0.0024429848017829534
train/mse: 0.0015771798977647165
train/psnr: 28.049584976350417
train/tv_reg_l1: 1.8232049954057945
train/tv_reg_l2: 2.311747452225348
