iterations_per_sec: 17.49681025012665
train/distortion_loss: 0.2514228820800781
train/grad_norm: 0.15986145799509202
train/interlevel_loss: 0.0019051658349450338
train/iterations_per_sec: 17.49681025012665
train/l12_reg: 2.445354842176341
train/loss: 0.006861096981799964
train/mse: 0.004704508257822858
train/psnr: 23.278781043158638
train/tv_reg_l1: 1.6366212380052818
train/tv_reg_l2: 2.0641607323078195
