lpips: 0.09326549619436264
mse: 0.0008354332530871034
psnr: 30.815153762936003
ssim: 0.8771083950996399
