lpips: 0.08480741828680038
mse: 0.0010396325960755348
psnr: 29.935916212593632
ssim: 0.8822363018989563
