iterations_per_sec: 47.34791279409417
train/distortion_loss: 0.010648252150852872
train/grad_norm: 0.024294967546758025
train/interlevel_loss: 0.0003267870551549049
train/iterations_per_sec: 47.34791279409417
train/l12_reg: 0.58894224901392
train/loss: 0.0020233820159590303
train/mse: 0.0008540803271421053
train/psnr: 30.70897676487162
train/tv_reg_l1: 0.09000007130882957
train/tv_reg_l2: 0.024292412054057074
