lpips: 0.13036566972732544
mse: 0.005119738169014454
psnr: 22.959011400298433
ssim: 0.8766566514968872
