iterations_per_sec: 49.09377852740564
train/distortion_loss: 0.008942983216709562
train/grad_norm: 0.0348875235690914
train/interlevel_loss: 0.00037823633627138205
train/iterations_per_sec: 49.09377852740564
train/l12_reg: 0.7579819204831364
train/loss: 0.004934477986711444
train/mse: 0.004381515859447495
train/psnr: 23.5959191755815
train/tv_reg_l1: 0.09668494234181414
train/tv_reg_l2: 0.01657828385706502
