iterations_per_sec: 32.928019096402345
train/distortion_loss: 0.14242826402187347
train/grad_norm: 0.33958247334066066
train/interlevel_loss: 0.0016623509264635768
train/iterations_per_sec: 32.928019096402345
train/l12_reg: 0.6376397838496198
train/loss: 0.008813166755693729
train/mse: 0.0057230627521722005
train/psnr: 22.425498326619465
train/tv_reg_l1: 0.1399109121223893
train/tv_reg_l2: 0.0647684968631677
