iterations_per_sec: 15.608771056271413
train/distortion_loss: 0.2890013305827825
train/grad_norm: 0.5154997902085082
train/interlevel_loss: 0.005094890398058024
train/iterations_per_sec: 15.608771056271413
train/l12_reg: 0.801515276383872
train/loss: 0.02998480689947051
train/mse: 0.022565788485937648
train/psnr: 16.467060012046737
train/tv_reg_l1: 0.2662396048656618
train/tv_reg_l2: 0.12336119858905523
