lpips: 0.22044029831886292
mse: 0.009512310847640038
psnr: 20.270959186798905
ssim: 0.8070356249809265
