iterations_per_sec: 50.879536808236566
train/distortion_loss: 0.01552683257996434
train/grad_norm: 0.07637254619086632
train/interlevel_loss: 0.0011858955258503556
train/iterations_per_sec: 50.879536808236566
train/l12_reg: 0.8425506696556554
train/loss: 0.009657784562670824
train/mse: 0.008261078620574088
train/psnr: 20.83999770578712
train/tv_reg_l1: 0.1027451746090494
train/tv_reg_l2: 0.019528369767346766
