iterations_per_sec: 42.95194874478177
train/distortion_loss: 0.0956239461748287
train/grad_norm: 0.16121501024022247
train/interlevel_loss: 0.0009124649117108096
train/iterations_per_sec: 42.95194874478177
train/l12_reg: 0.7248794713405647
train/loss: 0.023957324204872354
train/mse: 0.022370820074821964
train/psnr: 16.504777677131422
train/tv_reg_l1: 0.14868533957486202
train/tv_reg_l2: 0.05784152922305194
