iterations_per_sec: 39.57593469748146
train/distortion_loss: 0.4033655990855862
train/grad_norm: 0.07403510428889833
train/interlevel_loss: 0.0024648437845624155
train/iterations_per_sec: 39.57593469748146
train/l12_reg: 1.0567134558552442
train/loss: 0.01765090123646789
train/mse: 0.014493058708430541
train/psnr: 18.390901604084053
train/tv_reg_l1: 0.14517065777321053
train/tv_reg_l2: 0.0289633111896539
