lpips: 0.08670872449874878
mse: 0.0008389756549149752
psnr: 30.793769426631734
ssim: 0.8762932419776917
