lpips: 0.08063099533319473
mse: 0.001122973975725472
psnr: 29.67267291666537
ssim: 0.8788565993309021
