iterations_per_sec: 14.914955222604062
train/distortion_loss: 0.011687884248341576
train/grad_norm: 0.019388159031443523
train/interlevel_loss: 0.000570234125879866
train/iterations_per_sec: 14.914955222604062
train/l12_reg: 2.248480948534879
train/loss: 0.0014358151708776601
train/mse: 0.0008538931577626352
train/psnr: 30.712231433752812
train/tv_reg_l1: 1.469160248534848
train/tv_reg_l2: 1.773490562583461
