lpips: 0.12689676880836487
mse: 0.0051533374935388565
psnr: 22.931473876134582
ssim: 0.8757556080818176
