iterations_per_sec: 48.945815364355155
train/distortion_loss: 0.0085877847218077
train/grad_norm: 0.03367496259284742
train/interlevel_loss: 0.0003147057364600701
train/iterations_per_sec: 48.945815364355155
train/l12_reg: 0.7610066996680366
train/loss: 0.004956045197417038
train/mse: 0.004472681499942384
train/psnr: 23.503806239426737
train/tv_reg_l1: 0.09060644870153581
train/tv_reg_l2: 0.016007019846577836
