lpips: 0.26683294773101807
mse: 0.00555191095918417
psnr: 22.70014471751504
ssim: 0.7496457099914551
