iterations_per_sec: 48.56428249222821
train/distortion_loss: 0.03151209949694499
train/grad_norm: 0.07516221261837265
train/interlevel_loss: 0.000753934288778427
train/iterations_per_sec: 48.56428249222821
train/l12_reg: 1.115053369541361
train/loss: 0.005702255566538584
train/mse: 0.004705488242001997
train/psnr: 23.289853972618026
train/tv_reg_l1: 0.12249300470857909
train/tv_reg_l2: 0.02113209299818434
