lpips: 0.008961562067270279
mse: 0.00023663071624469012
psnr: 36.351122578675216
ssim: 0.9783320426940918
