lpips: 0.013502085581421852
mse: 0.0004445970698725432
psnr: 34.01832162863297
ssim: 0.9725003242492676
