iterations_per_sec: 16.398204872974986
train/distortion_loss: 0.0033078460008696174
train/grad_norm: 0.017479107945668277
train/interlevel_loss: 0.0008612594519026879
train/iterations_per_sec: 16.398204872974986
train/l12_reg: 2.3740022206547287
train/loss: 0.0011167721828737418
train/mse: 0.0002522048863201317
train/psnr: 36.04071183638139
train/tv_reg_l1: 1.555288735062185
train/tv_reg_l2: 2.118983369885069
