lpips: 0.09465445578098297
mse: 0.0009329513995908201
psnr: 30.338178931348114
ssim: 0.867611825466156
