lpips: 0.08595525473356247
mse: 0.0011329640401527286
psnr: 29.54059327344092
ssim: 0.8736893534660339
