iterations_per_sec: 22.855574304852546
train/distortion_loss: 0.008625150794596081
train/grad_norm: 0.0011338513377451836
train/interlevel_loss: 0.0004730693251600094
train/iterations_per_sec: 22.855574304852546
train/l12_reg: 2.2346203519840433
train/loss: 0.0014201579262700045
train/mse: 0.0009384634551789725
train/psnr: 30.298501525262388
train/tv_reg_l1: 1.3790529340204567
train/tv_reg_l2: 1.968997436340409
