lpips: 0.08410889655351639
mse: 0.0007287778425961733
psnr: 31.413032385100937
ssim: 0.8864119648933411
