lpips: 0.07712265849113464
mse: 0.0009470075601711869
psnr: 30.365044000181282
ssim: 0.8892852663993835
