iterations_per_sec: 41.48958545498621
train/distortion_loss: 0.011746065813408356
train/grad_norm: 0.022408236796506727
train/interlevel_loss: 0.0003847085530963736
train/iterations_per_sec: 41.48958545498621
train/l12_reg: 0.6216173087707674
train/loss: 0.002037309462938345
train/mse: 0.0007583067553691717
train/psnr: 31.22599634498057
train/tv_reg_l1: 0.10066478827384988
train/tv_reg_l2: 0.0260930752588643
