iterations_per_sec: 43.55309383081962
train/distortion_loss: 0.3931744736854476
train/grad_norm: 0.08300618966571008
train/interlevel_loss: 0.001210399799876743
train/iterations_per_sec: 43.55309383081962
train/l12_reg: 0.772396966664478
train/loss: 0.019123076658808823
train/mse: 0.017173020319655688
train/psnr: 17.653384565102932
train/tv_reg_l1: 0.1404998903021668
train/tv_reg_l2: 0.03464820081687937
