lpips: 0.015670709311962128
mse: 0.0004936426994390786
psnr: 33.1245817337524
ssim: 0.9781741499900818
