lpips: 0.022145189344882965
mse: 0.0012207112740725279
psnr: 29.40629448827856
ssim: 0.9640017747879028
