iterations_per_sec: 15.850161852392848
train/distortion_loss: 0.019759823013134677
train/grad_norm: 0.014680332856986559
train/interlevel_loss: 0.0007363568763295658
train/iterations_per_sec: 15.850161852392848
train/l12_reg: 2.5249591138627796
train/loss: 0.0012647771227145286
train/mse: 0.0005086604250016425
train/psnr: 32.97044272374625
train/tv_reg_l1: 2.038137602083611
train/tv_reg_l2: 2.87415424501053
