lpips: 0.2171565294265747
mse: 0.009516079910099506
psnr: 20.27700801278859
ssim: 0.8109130859375
