iterations_per_sec: 46.03757483391087
train/distortion_loss: 0.009067428933287209
train/grad_norm: 0.07048936334974838
train/interlevel_loss: 0.000796093586644139
train/iterations_per_sec: 46.03757483391087
train/l12_reg: 1.0756465702345877
train/loss: 0.009206209359972767
train/mse: 0.008185475260357965
train/psnr: 20.881839251277423
train/tv_reg_l1: 0.10653798289672294
train/tv_reg_l2: 0.021557303559448984
