lpips: 0.013491027057170868
mse: 0.0004797398578375578
psnr: 33.273007071673625
ssim: 0.979685366153717
