lpips: 0.0157760102301836
mse: 0.0006993658607825637
psnr: 31.621146758824235
ssim: 0.9719354510307312
