iterations_per_sec: 54.411291378747
train/distortion_loss: 0.003945199203573995
train/grad_norm: 0.0007303427455645769
train/interlevel_loss: 0.0003584586742399919
train/iterations_per_sec: 54.411291378747
train/l12_reg: 0.3531625276864177
train/loss: 0.0014022073550902382
train/mse: 0.0005098160390384646
train/psnr: 32.956674402410336
train/tv_reg_l1: 0.04814714498140595
train/tv_reg_l2: 0.017682488819565436
