iterations_per_sec: 44.840759629188476
train/distortion_loss: 0.696066262144031
train/grad_norm: 0.07437245818701657
train/interlevel_loss: 0.0018860518490199489
train/iterations_per_sec: 44.840759629188476
train/l12_reg: 1.0424766203369757
train/loss: 0.015199325668315092
train/mse: 0.012353041896013299
train/psnr: 19.08485098559447
train/tv_reg_l1: 0.14745896362295055
train/tv_reg_l2: 0.026416561970807086
