lpips: 0.22395342588424683
mse: 0.00996993388980627
psnr: 20.06900697818899
ssim: 0.8051685094833374
