iterations_per_sec: 45.87499195630387
train/distortion_loss: 0.014590400506300156
train/grad_norm: 0.07374547512242288
train/interlevel_loss: 0.0011648687750402122
train/iterations_per_sec: 45.87499195630387
train/l12_reg: 0.892462184332838
train/loss: 0.009975896988327454
train/mse: 0.008596645696370891
train/psnr: 20.666992996678207
train/tv_reg_l1: 0.10461183065416838
train/tv_reg_l2: 0.019979217983406
