lpips: 0.008722007274627686
mse: 0.000430621876148507
psnr: 33.800615996281486
ssim: 0.9848967790603638
