lpips: 0.007421769667416811
mse: 0.0003599011979531497
psnr: 34.70398805997457
ssim: 0.9869998693466187
