iterations_per_sec: 54.130193102362504
train/distortion_loss: 0.0011102285258462559
train/grad_norm: 0.000586858122419058
train/interlevel_loss: 7.805577420507266e-05
train/iterations_per_sec: 54.130193102362504
train/l12_reg: 0.27257993817329407
train/loss: 0.0008347930993433251
train/mse: 0.00039245982917797086
train/psnr: 34.11314496127042
train/tv_reg_l1: 0.025059537548157904
train/tv_reg_l2: 0.009058731335281121
