lpips: 0.053379982709884644
mse: 0.0036074488889425993
psnr: 24.724445829668227
ssim: 0.9258772134780884
