lpips: 0.04062266647815704
mse: 0.001434205798432231
psnr: 28.501654177807897
ssim: 0.9481322765350342
