iterations_per_sec: 38.06514391331686
train/distortion_loss: 0.018626410401228703
train/grad_norm: 0.03927206385391529
train/interlevel_loss: 0.000691843631846661
train/iterations_per_sec: 38.06514391331686
train/l12_reg: 0.5590818518339985
train/loss: 0.0031251928444500222
train/mse: 0.001523207928373883
train/psnr: 28.196062916457052
train/tv_reg_l1: 0.1173718948707436
train/tv_reg_l2: 0.03324329924553332
