lpips: 0.01513286866247654
mse: 0.00034011545358225703
psnr: 34.78554627626759
ssim: 0.9682783484458923
