lpips: 0.01982332020998001
mse: 0.0005914276698604226
psnr: 32.608651160209035
ssim: 0.960369348526001
