iterations_per_sec: 15.393973353124943
train/distortion_loss: 0.0033586230434740736
train/grad_norm: 0.0009054596232476108
train/interlevel_loss: 0.0006708911734143968
train/iterations_per_sec: 15.393973353124943
train/l12_reg: 2.330511541077585
train/loss: 0.0010390512985083266
train/mse: 0.00036480149837455364
train/psnr: 34.431360341081714
train/tv_reg_l1: 1.5810796203035298
train/tv_reg_l2: 2.218922745097767
