iterations_per_sec: 12.239697543091518
train/distortion_loss: 0.15826823615064525
train/grad_norm: 0.3662114060587353
train/interlevel_loss: 0.003800852605226365
train/iterations_per_sec: 12.239697543091518
train/l12_reg: 2.2672027361513387
train/loss: 0.008959845903169627
train/mse: 0.005000724998124019
train/psnr: 23.013266881306965
train/tv_reg_l1: 1.6991336345672607
train/tv_reg_l2: 2.232980884686865
