lpips: 0.03969183564186096
mse: 0.00139210547786206
psnr: 28.63484413234
ssim: 0.949954092502594
