lpips: 0.05142191797494888
mse: 0.00340487202629447
psnr: 24.96270893836947
ssim: 0.9295430183410645
