iterations_per_sec: 38.54215567623745
train/distortion_loss: 0.014994324645911805
train/grad_norm: 0.03801579342571774
train/interlevel_loss: 0.0005920461109707678
train/iterations_per_sec: 38.54215567623745
train/l12_reg: 0.5482256659353623
train/loss: 0.0029481390580497306
train/mse: 0.0014725028527806504
train/psnr: 28.346961339314777
train/tv_reg_l1: 0.11082791055392738
train/tv_reg_l2: 0.032037010849124255
