lpips: 0.13522742688655853
mse: 0.005445769056677818
psnr: 22.6879280729165
ssim: 0.871232807636261
