iterations_per_sec: 50.65354287588692
train/distortion_loss: 0.019400620080455386
train/grad_norm: 0.033450009828113546
train/interlevel_loss: 0.0004395214976587643
train/iterations_per_sec: 50.65354287588692
train/l12_reg: 0.7374530904220812
train/loss: 0.005225449090240279
train/mse: 0.0045959491804806575
train/psnr: 23.386614558672665
train/tv_reg_l1: 0.10397309757242298
train/tv_reg_l2: 0.01705778053387849
