iterations_per_sec: 39.75692199223065
train/distortion_loss: 0.4400746753119459
train/grad_norm: 0.07509309986625055
train/interlevel_loss: 0.00222958962555335
train/iterations_per_sec: 39.75692199223065
train/l12_reg: 1.0459007422129314
train/loss: 0.017572713620734936
train/mse: 0.014604838075812417
train/psnr: 18.35769726531674
train/tv_reg_l1: 0.15392229728626483
train/tv_reg_l2: 0.029821107164025307
