lpips: 0.13306033611297607
mse: 0.0028767306357622147
psnr: 25.594563287423416
ssim: 0.8720278739929199
