iterations_per_sec: 50.97383354357654
train/distortion_loss: 0.005315429770923925
train/grad_norm: 0.027541277027039818
train/interlevel_loss: 0.0006910707076042515
train/iterations_per_sec: 50.97383354357654
train/l12_reg: 0.8044067199784096
train/loss: 0.003446884128744855
train/mse: 0.0026306878972911472
train/psnr: 25.809566863859544
train/tv_reg_l1: 0.06960672719611062
train/tv_reg_l2: 0.011981007539563708
