iterations_per_sec: 41.791415960999835
train/distortion_loss: 0.16311629221896934
train/grad_norm: 0.102030506526882
train/interlevel_loss: 0.0009139871643385803
train/iterations_per_sec: 41.791415960999835
train/l12_reg: 0.7081500087121521
train/loss: 0.018943272342886588
train/mse: 0.017466155228891757
train/psnr: 17.579868913900974
train/tv_reg_l1: 0.1336376027326391
train/tv_reg_l2: 0.04000136320187588
