iterations_per_sec: 15.238264022953828
train/distortion_loss: 0.2880899054233474
train/grad_norm: 0.23206931397770392
train/interlevel_loss: 0.0020583343710938486
train/iterations_per_sec: 15.238264022953828
train/l12_reg: 0.8471072689451352
train/loss: 0.008403948959753368
train/mse: 0.004483146056758635
train/psnr: 23.48953206611402
train/tv_reg_l1: 0.21458314223722977
train/tv_reg_l2: 0.07272714097993542
