lpips: 0.011853327974677086
mse: 0.00014795814058743417
psnr: 38.368998752073395
ssim: 0.9824556112289429
