lpips: 0.014424610882997513
mse: 0.0002514962980058044
psnr: 36.77565721181579
ssim: 0.9801440238952637
