iterations_per_sec: 38.770748639312394
train/distortion_loss: 0.0027637584558264775
train/grad_norm: 0.00919456198115391
train/interlevel_loss: 9.742351143028249e-05
train/iterations_per_sec: 38.770748639312394
train/l12_reg: 0.3985915882418854
train/loss: 0.0007354376891703167
train/mse: 0.00015224447711123943
train/psnr: 38.21145275385693
train/tv_reg_l1: 0.040335583716931966
train/tv_reg_l2: 0.008441432811921895
