lpips: 0.007200334686785936
mse: 0.00035406489041633904
psnr: 34.74591365765806
ssim: 0.9872151017189026
