lpips: 0.008463247679173946
mse: 0.00041927958955056965
psnr: 33.902536612266985
ssim: 0.9852598309516907
