iterations_per_sec: 38.46081287209458
train/distortion_loss: 0.001049565629930132
train/grad_norm: 0.033865292377845205
train/interlevel_loss: 0.0001120693425881921
train/iterations_per_sec: 38.46081287209458
train/l12_reg: 0.26267741304455383
train/loss: 0.0008484859071258041
train/mse: 0.00038639034586723407
train/psnr: 34.184993011782865
train/tv_reg_l1: 0.023029211946208068
train/tv_reg_l2: 0.008629923930974922
