lpips: 0.013217541389167309
mse: 0.0001579769013915211
psnr: 38.07625417065246
ssim: 0.9813389778137207
