lpips: 0.015707803890109062
mse: 0.0002762278018053621
psnr: 36.38710932431683
ssim: 0.9786809682846069
