iterations_per_sec: 55.040848276368116
train/distortion_loss: 0.002738904824122937
train/grad_norm: 0.00041670618241304775
train/interlevel_loss: 9.915128876772624e-05
train/iterations_per_sec: 55.040848276368116
train/l12_reg: 0.40938461007493915
train/loss: 0.0007640594573023569
train/mse: 0.00016196039470025536
train/psnr: 37.94078703600951
train/tv_reg_l1: 0.04026097661316997
train/tv_reg_l2: 0.009082424021655261
