iterations_per_sec: 35.78614429719869
train/distortion_loss: 0.09214286671744452
train/grad_norm: 0.3114076393722284
train/interlevel_loss: 0.0017370169352025095
train/iterations_per_sec: 35.78614429719869
train/l12_reg: 0.5385443809056523
train/loss: 0.006035998378964988
train/mse: 0.0032806319791372075
train/psnr: 24.848138982599433
train/tv_reg_l1: 0.10463901925267595
train/tv_reg_l2: 0.038766223711497856
