lpips: 0.01845073141157627
mse: 0.0008369152201339602
psnr: 30.848053700044744
ssim: 0.9689812660217285
