lpips: 0.015884488821029663
mse: 0.0005515990196727216
psnr: 32.65219584237594
ssim: 0.9777011275291443
