iterations_per_sec: 41.41754192558682
train/distortion_loss: 0.006729107975696373
train/grad_norm: 0.014720402074733166
train/interlevel_loss: 0.0007602928407405587
train/iterations_per_sec: 41.41754192558682
train/l12_reg: 0.3745545997764125
train/loss: 0.0018863654918874605
train/mse: 0.0005746037153070887
train/psnr: 32.43017161976207
train/tv_reg_l1: 0.05698426045251615
train/tv_reg_l2: 0.017018519304316453
