iterations_per_sec: 29.664254894627295
train/distortion_loss: 0.15440262462755647
train/grad_norm: 0.2367634956884866
train/interlevel_loss: 0.0014214319873112019
train/iterations_per_sec: 29.664254894627295
train/l12_reg: 0.7479452852046851
train/loss: 0.00592102182822095
train/mse: 0.002979550219018652
train/psnr: 25.26438050318246
train/tv_reg_l1: 0.1949270670161103
train/tv_reg_l2: 0.06176917006572088
