iterations_per_sec: 41.525434700951216
train/distortion_loss: 0.4810356446588882
train/grad_norm: 0.05436615320392931
train/interlevel_loss: 0.0017502686382751122
train/iterations_per_sec: 41.525434700951216
train/l12_reg: 0.9844267271985911
train/loss: 0.02122985293166806
train/mse: 0.018727491769676256
train/psnr: 17.276925905786378
train/tv_reg_l1: 0.14070200227727794
train/tv_reg_l2: 0.027105708540690065
