lpips: 0.178113654255867
mse: 0.005564498715102673
psnr: 22.633911336163283
ssim: 0.7998126149177551
