iterations_per_sec: 46.67603873022705
train/distortion_loss: 0.015904798614557344
train/grad_norm: 0.059854770813024406
train/interlevel_loss: 0.0007161133683926303
train/iterations_per_sec: 46.67603873022705
train/l12_reg: 0.9187682933277554
train/loss: 0.0058660565762583055
train/mse: 0.004968446006791459
train/psnr: 23.04595182399557
train/tv_reg_l1: 0.09597166988885764
train/tv_reg_l2: 0.016559237934122183
