lpips: 0.021103208884596825
mse: 0.0006205156678333879
psnr: 32.29197525993433
ssim: 0.9616800546646118
