lpips: 0.03749401494860649
mse: 0.002221791073679924
psnr: 27.021690724809798
ssim: 0.9285204410552979
