iterations_per_sec: 17.199125777803374
train/distortion_loss: 0.01652670544431065
train/grad_norm: 0.03014917839130368
train/interlevel_loss: 0.0004157393325868091
train/iterations_per_sec: 17.199125777803374
train/l12_reg: 2.494399248951613
train/loss: 0.0010814349727959118
train/mse: 0.0006491689277798728
train/psnr: 31.90893518081819
train/tv_reg_l1: 1.949965826188675
train/tv_reg_l2: 2.9850999947750205
