iterations_per_sec: 33.963628820985505
train/distortion_loss: 0.1817935738298628
train/grad_norm: 0.34597588187516337
train/interlevel_loss: 0.0017890438797291029
train/iterations_per_sec: 33.963628820985505
train/l12_reg: 0.7651518559215045
train/loss: 0.009031798220192544
train/mse: 0.005548015674293944
train/psnr: 22.56214176524769
train/tv_reg_l1: 0.2112306821526903
train/tv_reg_l2: 0.07477932920058568
