lpips: 0.09107259660959244
mse: 0.0008143270970322192
psnr: 30.93040503134397
ssim: 0.8786607384681702
