lpips: 0.08138994127511978
mse: 0.0010334562975913286
psnr: 29.988503588302443
ssim: 0.8838027715682983
