iterations_per_sec: 45.850028632978976
train/distortion_loss: 0.011292694192944151
train/grad_norm: 0.023610460421427934
train/interlevel_loss: 0.00032388058407561423
train/iterations_per_sec: 45.850028632978976
train/l12_reg: 0.5425829321447045
train/loss: 0.0019437385172667828
train/mse: 0.0008368139881922891
train/psnr: 30.799747601904052
train/tv_reg_l1: 0.08454266258261421
train/tv_reg_l2: 0.022916831414807926
