lpips: 0.015746040269732475
mse: 0.0004832954437006265
psnr: 33.211601392350715
ssim: 0.9782821536064148
