lpips: 0.022555336356163025
mse: 0.0012115255231037736
psnr: 29.329836594678373
ssim: 0.9633966088294983
