iterations_per_sec: 16.726658471021636
train/distortion_loss: 0.022261968145918364
train/grad_norm: 0.014168089914201485
train/interlevel_loss: 0.0007844038144214963
train/iterations_per_sec: 16.726658471021636
train/l12_reg: 2.4941720769862936
train/loss: 0.0013178581562401218
train/mse: 0.0005111923697639746
train/psnr: 32.952440319639265
train/tv_reg_l1: 1.994580778208646
train/tv_reg_l2: 2.69764262738854
