lpips: 0.09070353209972382
mse: 0.000912936229724437
psnr: 30.428112790842544
ssim: 0.8695477843284607
