lpips: 0.08241245150566101
mse: 0.001133982790634036
psnr: 29.550011344586647
ssim: 0.8754193782806396
