iterations_per_sec: 22.817875741184753
train/distortion_loss: 0.010009765239300751
train/grad_norm: 0.0011544016800171723
train/interlevel_loss: 0.00047555447360876987
train/iterations_per_sec: 22.817875741184753
train/l12_reg: 2.2903799793936988
train/loss: 0.001404844160953706
train/mse: 0.0009192799263859563
train/psnr: 30.389347962658814
train/tv_reg_l1: 1.432027315852618
train/tv_reg_l2: 2.0343707884200897
