lpips: 0.2303786426782608
mse: 0.0048561906442046165
psnr: 23.23168210702979
ssim: 0.7587070465087891
