iterations_per_sec: 51.33933813323685
train/distortion_loss: 0.016625151499127497
train/grad_norm: 0.08416189659725536
train/interlevel_loss: 0.0005802792876798923
train/iterations_per_sec: 51.33933813323685
train/l12_reg: 0.9713912208875021
train/loss: 0.0049718019148015016
train/mse: 0.004208231483576725
train/psnr: 23.77394589510831
train/tv_reg_l1: 0.09628968317099292
train/tv_reg_l2: 0.016666602663169005
