iterations_per_sec: 11.928005142515435
train/distortion_loss: 0.15350998606946734
train/grad_norm: 0.22395088817134048
train/interlevel_loss: 0.002773539878126949
train/iterations_per_sec: 11.928005142515435
train/l12_reg: 2.1894029198270855
train/loss: 0.005919187023972321
train/mse: 0.0029921371541503402
train/psnr: 25.24670190522165
train/tv_reg_l1: 1.6126992028168958
train/tv_reg_l2: 2.1058358182810775
