lpips: 0.026762953028082848
mse: 0.0013635825598612428
psnr: 28.896315616571737
ssim: 0.9406001567840576
