lpips: 0.020283212885260582
mse: 0.0007306121406145394
psnr: 31.60164392859584
ssim: 0.9603105187416077
