iterations_per_sec: 56.08043567431296
train/distortion_loss: 0.006873544611300182
train/grad_norm: 0.036631637873748936
train/interlevel_loss: 0.00016451319338603302
train/iterations_per_sec: 56.08043567431296
train/l12_reg: 0.3814161007452493
train/loss: 0.0014665556690570984
train/mse: 0.0007592380162083892
train/psnr: 31.22578959994846
train/tv_reg_l1: 0.046818586724876154
train/tv_reg_l2: 0.015451480220589373
