lpips: 0.01441971305757761
mse: 0.0002699141332414001
psnr: 36.59373674589341
ssim: 0.9789295196533203
