lpips: 0.011597578413784504
mse: 0.00014862317766528577
psnr: 38.356463316597775
ssim: 0.9818169474601746
