iterations_per_sec: 17.19183090181434
train/distortion_loss: 0.0030283001416146456
train/grad_norm: 0.007047455253389974
train/interlevel_loss: 8.543741054694178e-05
train/iterations_per_sec: 17.19183090181434
train/l12_reg: 1.904619119384072
train/loss: 0.00023999951534076699
train/mse: 0.0001515338046392755
train/psnr: 38.22625890404287
train/tv_reg_l1: 1.0859934814048535
train/tv_reg_l2: 1.052120667515379
