lpips: 0.007364978082478046
mse: 0.0003501781029626727
psnr: 34.810633486442036
ssim: 0.9872719645500183
