lpips: 0.008619692176580429
mse: 0.0004239672562107444
psnr: 33.87521789701617
ssim: 0.9851978421211243
