iterations_per_sec: 38.46607270882345
train/distortion_loss: 0.0010786684820277973
train/grad_norm: 0.03202337338918387
train/interlevel_loss: 7.898992543682606e-05
train/iterations_per_sec: 38.46607270882345
train/l12_reg: 0.2627998840327215
train/loss: 0.0008127767647936414
train/mse: 0.0003834264282362931
train/psnr: 34.2197915664827
train/tv_reg_l1: 0.02326042257776164
train/tv_reg_l2: 0.008648183817664782
