lpips: 0.013654532842338085
mse: 0.0003160836931783706
psnr: 35.11661797443489
ssim: 0.9711477756500244
