lpips: 0.0182917732745409
mse: 0.000535559665877372
psnr: 33.036771476263986
ssim: 0.9643168449401855
