iterations_per_sec: 46.35702387888387
train/distortion_loss: 0.0034010879098052027
train/grad_norm: 0.02045072970742529
train/interlevel_loss: 0.0005652741387938008
train/iterations_per_sec: 46.35702387888387
train/l12_reg: 0.5488448576493696
train/loss: 0.0017271070821079039
train/mse: 0.0003392672053928666
train/psnr: 34.75236603707978
train/tv_reg_l1: 0.08465386964757034
train/tv_reg_l2: 0.02703197482935708
