iterations_per_sec: 21.32839453478087
train/distortion_loss: 0.2671743796931373
train/grad_norm: 0.14879404512619732
train/interlevel_loss: 0.001035887603953744
train/iterations_per_sec: 21.32839453478087
train/l12_reg: 0.8455624447928535
train/loss: 0.007130081544282159
train/mse: 0.004462129074252314
train/psnr: 23.509431395867857
train/tv_reg_l1: 0.18361327684286868
train/tv_reg_l2: 0.05193278528373651
