iterations_per_sec: 42.44991867690486
train/distortion_loss: 0.25106475675346873
train/grad_norm: 0.1754705703469238
train/interlevel_loss: 0.0008319764165207744
train/iterations_per_sec: 42.44991867690486
train/l12_reg: 0.8958453891253231
train/loss: 0.004340449714976729
train/mse: 0.0018746658849219482
train/psnr: 27.280555725097656
train/tv_reg_l1: 0.19497042352502997
train/tv_reg_l2: 0.0486897233158651
