lpips: 0.23605693876743317
mse: 0.009913097135722637
psnr: 20.084368415889454
ssim: 0.804716944694519
