iterations_per_sec: 50.372388405464335
train/distortion_loss: 0.013108615217862106
train/grad_norm: 0.07044098364433857
train/interlevel_loss: 0.0012470689446975787
train/iterations_per_sec: 50.372388405464335
train/l12_reg: 0.8740800751580132
train/loss: 0.010176475997073482
train/mse: 0.008716547475996041
train/psnr: 20.608994763306896
train/tv_reg_l1: 0.10497174660364787
train/tv_reg_l2: 0.019975091622333335
