lpips: 0.1323879063129425
mse: 0.0016821889439597726
psnr: 27.81646608809772
ssim: 0.8994137048721313
