iterations_per_sec: 51.71353371762121
train/distortion_loss: 0.01017536452472812
train/grad_norm: 0.03197273201864175
train/interlevel_loss: 0.00030814589005941995
train/iterations_per_sec: 51.71353371762121
train/l12_reg: 0.9981933802065223
train/loss: 0.0019956233727773933
train/mse: 0.0015801672160512571
train/psnr: 28.027023797083384
train/tv_reg_l1: 0.06911549054914051
train/tv_reg_l2: 0.009713488649765048
