iterations_per_sec: 32.86102625198253
train/distortion_loss: 0.2759753161608571
train/grad_norm: 0.23750179328701712
train/interlevel_loss: 0.0019768745005789277
train/iterations_per_sec: 32.86102625198253
train/l12_reg: 0.8603359834112302
train/loss: 0.008728374632997344
train/mse: 0.004859975064079268
train/psnr: 23.138939751519096
train/tv_reg_l1: 0.23065151364514322
train/tv_reg_l2: 0.07552136089464631
