lpips: 0.017914025112986565
mse: 0.0007773074321448803
psnr: 31.146128109153633
ssim: 0.9697717428207397
