lpips: 0.01565299928188324
mse: 0.0005460289539769292
psnr: 32.699917784668486
ssim: 0.9777475595474243
