iterations_per_sec: 53.82994834974194
train/distortion_loss: 0.004609671209684827
train/grad_norm: 0.0007656145649209544
train/interlevel_loss: 0.0006851478446877063
train/iterations_per_sec: 53.82994834974194
train/l12_reg: 0.34388215373260805
train/loss: 0.0017710391119254208
train/mse: 0.0005761960549562266
train/psnr: 32.42080509301388
train/tv_reg_l1: 0.04569683837318661
train/tv_reg_l2: 0.01612033826684711
