lpips: 0.0501810759305954
mse: 0.0032002213411033154
psnr: 25.26546083841023
ssim: 0.9312863349914551
