lpips: 0.03936721384525299
mse: 0.0014198034768924117
psnr: 28.551856368623604
ssim: 0.9503874778747559
