iterations_per_sec: 41.114424589140505
train/distortion_loss: 0.009663884273984215
train/grad_norm: 0.03803915165440001
train/interlevel_loss: 0.0004995614554817704
train/iterations_per_sec: 41.114424589140505
train/l12_reg: 0.519265844364359
train/loss: 0.0028515585199600517
train/mse: 0.0015068118745047185
train/psnr: 28.24174058316934
train/tv_reg_l1: 0.10585732381753248
train/tv_reg_l2: 0.031625543692798325
