iterations_per_sec: 34.597636118812915
train/distortion_loss: 0.22123534736609218
train/grad_norm: 0.14534911182191637
train/interlevel_loss: 0.0012377968476614868
train/iterations_per_sec: 34.597636118812915
train/l12_reg: 0.7140305578106582
train/loss: 0.004796224453420651
train/mse: 0.002039180674608985
train/psnr: 26.91185810590031
train/tv_reg_l1: 0.17522868649526077
train/tv_reg_l2: 0.05839809797929995
