lpips: 0.1794174611568451
mse: 0.005477617960423231
psnr: 22.745414906558334
ssim: 0.8370921611785889
