iterations_per_sec: 30.061150353445864
train/distortion_loss: 0.00922713034569916
train/grad_norm: 0.08746853196109185
train/interlevel_loss: 0.0012488639842944615
train/iterations_per_sec: 30.061150353445864
train/l12_reg: 0.852290320878077
train/loss: 0.006036802298492855
train/mse: 0.004625707791854787
train/psnr: 23.367796040544608
train/tv_reg_l1: 0.08470845109585559
train/tv_reg_l2: 0.01530033622802508
