lpips: 0.026699669659137726
mse: 0.0013703921576961875
psnr: 28.86802956339351
ssim: 0.9407179355621338
