lpips: 0.021051084622740746
mse: 0.0007331937085837126
psnr: 31.57639345044199
ssim: 0.9597012996673584
