iterations_per_sec: 50.56844174302259
train/distortion_loss: 0.0065505915848218434
train/grad_norm: 0.03102990248325196
train/interlevel_loss: 0.00016298265998355218
train/iterations_per_sec: 50.56844174302259
train/l12_reg: 0.4101445512338118
train/loss: 0.001524616165716916
train/mse: 0.000764799582997732
train/psnr: 31.194383736812707
train/tv_reg_l1: 0.05353977124799381
train/tv_reg_l2: 0.018013874482777383
