lpips: 0.039997052401304245
mse: 0.0014334960142150521
psnr: 28.510975880670763
ssim: 0.9494062066078186
