lpips: 0.05088532343506813
mse: 0.0032460468355566263
psnr: 25.19101475049607
ssim: 0.9299378991127014
