iterations_per_sec: 37.49017062823544
train/distortion_loss: 0.01278350812693437
train/grad_norm: 0.03827088245312975
train/interlevel_loss: 0.00048080862545634085
train/iterations_per_sec: 37.49017062823544
train/l12_reg: 0.5282234519419043
train/loss: 0.0028626906939528203
train/mse: 0.0015134116954574682
train/psnr: 28.21992090013292
train/tv_reg_l1: 0.10948933909336726
train/tv_reg_l2: 0.032746341229990275
