iterations_per_sec: 44.25210020415489
train/distortion_loss: 0.5259630595794832
train/grad_norm: 0.06895194789676955
train/interlevel_loss: 0.0013665511729101642
train/iterations_per_sec: 44.25210020415489
train/l12_reg: 0.8256577066700868
train/loss: 0.019147557911999298
train/mse: 0.01696375926787203
train/psnr: 17.70672362741798
train/tv_reg_l1: 0.13341872680066813
train/tv_reg_l2: 0.029128442922926913
