iterations_per_sec: 18.4605951352374
train/distortion_loss: 0.2734920855122383
train/grad_norm: 0.1762981948376906
train/interlevel_loss: 0.0009482260164334392
train/iterations_per_sec: 18.4605951352374
train/l12_reg: 0.8714074064986874
train/loss: 0.007088546580023536
train/mse: 0.004446985919705846
train/psnr: 23.523777239250414
train/tv_reg_l1: 0.20265366001562637
train/tv_reg_l2: 0.0548435224577634
