lpips: 0.01164335384964943
mse: 0.0005081631825305521
psnr: 33.061602208264304
ssim: 0.9818155169487
