lpips: 0.01028401218354702
mse: 0.00043050703243352473
psnr: 33.88113119443011
ssim: 0.9837576150894165
