iterations_per_sec: 35.36665671421904
train/distortion_loss: 0.001059359523368943
train/grad_norm: 0.0006543711457528512
train/interlevel_loss: 8.226456654915408e-05
train/iterations_per_sec: 35.36665671421904
train/l12_reg: 0.2974055355245417
train/loss: 0.0009456659453177844
train/mse: 0.00046407411667527727
train/psnr: 33.394657790058794
train/tv_reg_l1: 0.029903576530591405
train/tv_reg_l2: 0.010086235637315597
