iterations_per_sec: 41.46802410249019
train/distortion_loss: 0.16497818899877142
train/grad_norm: 0.23844142423735726
train/interlevel_loss: 0.0014242127001511328
train/iterations_per_sec: 41.46802410249019
train/l12_reg: 0.7727987700038486
train/loss: 0.006235255069579139
train/mse: 0.00324556482438412
train/psnr: 24.893182369193646
train/tv_reg_l1: 0.20043474646529766
train/tv_reg_l2: 0.06277005193811475
