lpips: 0.05979159474372864
mse: 0.00402984069660306
psnr: 24.231602474969215
ssim: 0.9206633567810059
