lpips: 0.04359801113605499
mse: 0.0015317517099902034
psnr: 28.213694151683818
ssim: 0.9452105760574341
