iterations_per_sec: 17.604004891444163
train/distortion_loss: 0.019911532337316358
train/grad_norm: 0.03844501921022781
train/interlevel_loss: 0.0007751161647687732
train/iterations_per_sec: 17.604004891444163
train/l12_reg: 2.44780846316405
train/loss: 0.0024030137139212605
train/mse: 0.0016079859977418726
train/psnr: 27.960037385574495
train/tv_reg_l1: 1.8419658644030792
train/tv_reg_l2: 2.405322197711829
