iterations_per_sec: 37.44888173110978
train/distortion_loss: 0.18574537397033036
train/grad_norm: 0.014406760778240484
train/interlevel_loss: 0.0016405301196782877
train/iterations_per_sec: 37.44888173110978
train/l12_reg: 0.6498139982271676
train/loss: 0.008001318935191992
train/mse: 0.0060869285253563315
train/psnr: 22.15847306299691
train/tv_reg_l1: 0.05202675622069475
train/tv_reg_l2: 0.008811486028887407
