iterations_per_sec: 46.51151543105374
train/distortion_loss: 0.3115964014120776
train/grad_norm: 0.19749636616971758
train/interlevel_loss: 0.000949908829308256
train/iterations_per_sec: 46.51151543105374
train/l12_reg: 0.8000870888883417
train/loss: 0.005729155149310827
train/mse: 0.0031276383423105335
train/psnr: 25.058730539649424
train/tv_reg_l1: 0.17563058164986697
train/tv_reg_l2: 0.05399244384031103
